10000001,0.86
10000001,0.75
10000001,0.85
10000001,0.82
10000001,0.81
10000001,0.86
10000001,0.91
10000001,0.88
10000001,0.58
10000001,0.54
10000001,0.46
10000001,0.32
10000001,0.44
10000001,0.36
10000001,0.29
10000001,0.39
10000001,0.17
10000001,0.23
10000001,0.11
10000001,0.16
10000001,0.19
10000001,0.11
10000001,0.87
10000001,0.84
10000001,0.80
10000001,0.70
10000001,0.75
10000001,0.77
10000001,0.57
10000001,0.57
10000001,0.68
10000001,0.80
10000001,0.75
10000001,0.78
10000001,0.59
10000001,0.42
10000001,0.42
10000001,0.42
10000001,0.40
10000001,0.39
10000001,0.36
10000001,0.47
10000001,0.38
10000001,0.13
10000001,0.22
10000001,0.30
10000001,0.37
10000001,0.49
10000001,0.21
10000001,0.48
10000001,0.65
10000001,0.80
10000001,0.73
10000001,0.72
10000001,0.73
10000001,0.61
10000001,0.77
10000001,0.70
10000001,0.67
10000001,0.55
10000001,0.72
10000001,0.45
10000001,0.51
10000001,0.57
10000001,0.36
10000001,0.63
10000001,0.40
10000001,0.60
10000001,0.54
10000001,0.39
10000001,0.53
10000001,0.36
10000001,0.43
10000001,0.43
10000001,0.30
10000001,0.82
10000001,0.82
10000001,0.78
10000001,0.77
10000001,0.75
10000001,0.71
10000001,0.77
10000001,0.73
10000001,0.79
10000001,0.67
10000001,0.66
10000001,0.70
10000001,0.66
10000001,0.30
10000001,0.32
10000001,0.22
10000001,0.24
10000001,0.37
10000001,0.21
10000001,0.28
10000001,0.21
10000001,0.33
10000001,0.36
10000001,0.44
10000001,0.31
10000001,0.50
10000001,0.24
10000001,0.53
10000001,0.23
10000001,0.43
10000001,0.51
10000001,0.47
10000001,0.35
10000001,0.49
10000001,0.41
10000001,0.42
10000001,0.46
10000001,0.41
10000001,0.34
10000001,0.27
10000001,0.29
10000001,0.25
10000001,0.43
10000002,0.67
10000002,0.63
10000002,0.64
10000002,0.66
10000002,0.65
10000002,0.73
10000002,0.61
10000002,0.65
10000002,0.75
10000002,0.61
10000002,0.95
10000002,0.87
10000002,0.61
10000002,0.91
10000002,0.97
10000002,0.82
10000002,0.73
10000002,0.66
10000002,0.63
10000002,0.99
10000002,0.96
10000002,0.91
10000002,1.00
10000002,0.95
10000002,0.96
10000002,0.95
10000002,1.00
10000002,0.65
10000002,0.63
10000002,0.74
10000002,0.70
10000002,0.59
10000002,0.70
10000002,0.54
10000002,0.56
10000002,0.60
10000002,0.56
10000002,0.58
10000002,0.53
10000002,0.68
10000002,0.53
10000002,0.52
10000002,0.52
10000002,0.44
10000002,0.32
10000002,0.32
10000002,0.65
10000002,0.62
10000002,0.59
10000002,0.51
10000002,0.38
10000002,0.53
10000002,0.48
10000002,0.48
10000002,0.71
10000002,0.74
10000002,0.63
10000002,0.72
10000002,0.65
10000002,0.69
10000002,0.52
10000002,0.68
10000002,0.64
10000002,0.55
10000002,0.76
10000002,0.48
10000002,0.50
10000002,0.35
10000002,0.56
10000002,0.57
10000002,0.53
10000002,0.49
10000002,0.38
10000002,0.37
10000002,0.50
10000002,0.38
10000002,0.28
10000002,0.24
10000002,0.20
10000002,0.13
10000002,0.22
10000002,0.16
10000002,0.47
10000002,0.46
10000002,0.42
10000002,0.38
10000002,0.35
10000002,0.49
10000002,0.33
10000003,-0.17
10000003,-0.28
10000003,-0.27
10000003,-0.15
10000003,-0.26
10000003,-0.16
10000003,-0.21
10000003,-0.36
10000003,-0.40
10000003,-0.36
10000003,-0.30
10000003,-0.37
10000003,-0.44
10000003,-0.43
10000003,-0.22
10000003,-0.17
10000003,-0.15
10000003,-0.14
10000003,-0.14
10000003,-0.14
10000003,-0.42
10000003,-0.46
10000003,-0.50
10000003,-0.51
10000003,-0.38
10000003,-0.39
10000003,-0.39
10000003,-0.36
10000003,-0.39
10000003,-0.39
10000003,-0.52
10000003,-0.54
10000003,-0.47
10000003,-0.42
10000003,-0.44
10000003,-0.42
10000003,-0.43
10000003,-0.41
10000003,-0.39
10000003,-0.47
10000003,-0.32
10000003,-0.41
10000003,-0.27
10000003,-0.32
10000003,-0.34
10000003,-0.39
10000003,-0.29
10000003,-0.26
10000003,-0.32
10000003,-0.27
10000003,-0.23
10000003,-0.27
10000003,-0.28
10000003,-0.73
10000003,-0.66
10000003,-0.65
10000003,-0.76
10000003,-0.71
10000003,-0.77
10000003,-0.79
10000003,-0.14
10000003,-0.16
10000003,-0.11
10000003,-0.19
10000003,-0.10
10000003,-0.09
10000003,-0.15
10000003,-0.16
10000003,-0.17
10000003,-0.16
10000003,-0.12
10000003,-0.19
10000003,-0.13
10000003,-0.16
10000003,-0.22
10000003,-0.21
10000003,-0.22
10000003,-0.16
10000003,-0.17
10000003,-0.26
10000003,-0.10
10000003,-0.27
10000003,-0.31
10000003,-0.26
10000003,-0.20
10000003,-0.31
10000003,-0.22
10000003,-0.13
10000003,-0.17
10000003,-0.16
10000003,-0.14
10000003,-0.17
10000003,-0.20
10000003,-0.77
10000003,-0.76
10000003,-0.75
10000003,-0.81
10000003,-0.87
10000003,-0.90
10000003,-0.26
10000003,-0.22
10000003,-0.25
10000003,-0.27
10000003,-0.25
10000003,-0.19
10000003,-0.41
10000003,-0.13
10000003,-0.09
10000003,-0.17
10000003,-0.30
10000003,-0.16
10000003,-0.24
10000003,-0.44
10000003,-0.58
10000003,-0.56
10000003,-0.36
10000003,-0.81
10000003,-0.85
10000004,0.00
10000004,0.00
10000004,0.00
10000004,0.00
10000004,0.00
10000004,0.00
10000004,0.00
10000004,0.00
10000004,0.00
10000004,0.00
10000004,0.00
10000004,0.00
10000004,0.00
10000004,0.00
10000004,0.00
10000004,0.00
10000004,0.00
10000004,0.00
10000004,0.00
10000004,0.00
10000004,0.00
10000004,0.00
10000004,0.00
10000004,0.00
10000004,0.00
10000004,0.00
10000004,0.00
10000004,0.00
10000004,0.00
10000004,0.00
10000004,0.00
10000004,0.00
10000004,0.00
10000004,0.00
10000004,0.00
10000004,0.00
10000004,0.00
10000004,0.00
10000004,0.00
10000004,0.00
10000004,0.00
10000004,0.00
10000004,0.00
10000004,0.00
10000004,0.00
10000004,0.00
10000004,0.00
10000004,0.00
10000004,0.00
10000004,0.00
10000004,0.00
10000004,0.00
10000004,0.00
10000004,0.00
10000004,0.00
10000004,0.00
10000004,0.00
10000004,0.00
10000004,0.00
10000004,0.00
10000004,0.00
10000004,0.00
10000004,0.00
10000004,0.00
10000004,0.00
10000004,0.00
10000004,0.00
10000004,0.00
10000004,0.00
10000004,0.00
10000004,0.00
10000004,0.00
10000004,0.00
10000004,0.00
10000004,0.00
10000004,0.00
10000004,0.00
10000004,0.00
10000004,0.00
10000004,0.00
10000004,0.00
10000004,0.00
10000004,0.00
10000004,0.00
10000004,0.00
10000004,0.00
10000004,0.00
10000004,0.00
10000004,0.00
10000004,0.00
10000004,0.00
10000004,0.00
10000004,0.00
10000004,0.01
10000004,0.00
10000004,0.00
10000004,0.00
10000004,0.00
10000004,0.00
10000004,0.00
10000004,0.00
10000004,0.00
10000004,0.00
10000004,0.00
10000004,0.00
10000004,0.00
10000004,0.00
10000005,-0.26
10000005,-0.32
10000005,-0.40
10000005,-0.32
10000005,-0.25
10000005,-0.62
10000005,-0.80
10000005,-0.22
10000005,-0.35
10000005,-0.20
10000005,-0.20
10000005,-0.21
10000005,-0.40
10000005,-0.51
10000005,-0.34
10000005,-0.62
10000005,-0.59
10000005,-0.40
10000005,-0.36
10000005,-0.51
10000005,-0.46
10000005,-0.36
10000005,-0.33
10000005,-0.32
10000005,-0.32
10000005,-0.26
10000005,-0.31
10000005,-0.34
10000005,-0.32
10000005,-0.44
10000005,-0.44
10000005,-0.26
10000005,-0.46
10000005,-0.24
10000005,-0.35
10000005,-0.47
10000005,-0.47
10000005,-0.53
10000005,-0.46
10000005,-0.30
10000005,-0.38
10000005,-0.50
10000005,-0.28
10000005,-0.24
10000005,-0.23
10000005,-0.27
10000005,-0.57
10000005,-0.69
10000005,-0.53
10000005,-0.71
10000005,-0.82
10000005,-0.90
10000005,-0.34
10000005,-0.21
10000005,-0.25
10000005,-0.24
10000005,-0.24
10000005,-0.24
10000005,-0.23
10000005,-0.25
10000005,-0.31
10000005,-0.51
10000005,-0.52
10000005,-0.62
10000005,-0.71
10000005,-0.77
10000005,-0.87
10000005,-0.17
10000005,-0.14
10000005,-0.21
10000005,-0.16
10000005,-0.15
10000005,-0.15
10000005,-0.15
10000005,-0.14
10000005,-0.31
10000005,-0.39
10000005,-0.34
10000005,-0.50
10000005,-0.60
10000005,-0.56
10000005,-0.24
10000005,-0.18
10000005,-0.27
10000005,-0.20
10000005,-0.36
10000005,-0.25
10000005,-0.20
10000005,-0.32
10000005,-0.40
10000005,-0.33
10000005,-0.28
10000005,-0.45
10000005,-0.35
10000005,-0.52
10000005,-0.56
10000006,-0.22
10000006,-0.20
10000006,-0.22
10000006,-0.27
10000006,-0.24
10000006,-0.27
10000006,-0.20
10000006,-0.25
10000006,-0.30
10000006,-0.41
10000006,-0.20
10000006,-0.17
10000006,-0.09
10000006,-0.18
10000006,-0.16
10000006,-0.17
10000006,-0.15
10000006,-0.31
10000006,-0.42
10000006,-0.27
10000006,-0.40
10000006,-0.12
10000006,-0.13
10000006,-0.25
10000006,-0.49
10000006,-0.42
10000006,-0.27
10000006,-0.32
10000006,-0.24
10000006,-0.31
10000006,-0.41
10000006,-0.35
10000006,-0.48
10000006,-0.37
10000006,-0.47
10000006,-0.62
10000006,-0.34
10000006,-0.29
10000006,-0.29
10000006,-0.30
10000006,-0.31
10000006,-0.33
10000006,-0.25
10000006,-0.65
10000006,-0.69
10000006,-0.73
10000006,-0.66
10000006,-0.52
10000006,-0.60
10000006,-0.43
10000006,-0.66
10000006,-0.51
10000006,-0.71
10000006,-0.60
10000006,-0.64
10000006,-0.70
10000006,-0.55
10000006,-0.53
10000006,-0.20
10000006,-0.33
10000006,-0.26
10000006,-0.25
10000006,-0.24
10000006,-0.29
10000006,-0.46
10000006,-0.46
10000006,-0.47
10000006,-0.40
10000006,-0.54
10000006,-0.31
10000006,-0.45
10000006,-0.39
10000006,-0.32
10000006,-0.41
10000006,-0.44
10000006,-0.19
10000006,-0.35
10000006,-0.29
10000006,-0.30
10000006,-0.29
10000006,-0.25
10000006,-0.34
10000007,-0.11
10000007,-0.19
10000007,-0.06
10000007,-0.08
10000007,-0.19
10000007,-0.09
10000007,-0.05
10000007,-0.06
10000007,-0.03
10000007,-0.04
10000007,-0.05
10000007,-0.06
10000007,-0.08
10000007,-0.90
10000007,-0.56
10000007,-0.35
10000007,-0.40
10000007,-0.95
10000007,-0.31
10000007,-0.08
10000007,-0.10
10000007,-0.13
10000007,-0.19
10000007,-0.20
10000007,-0.27
10000007,-0.09
10000007,-0.31
10000007,-0.34
10000007,-0.39
10000007,-0.39
10000007,-0.30
10000007,-0.62
10000007,-0.63
10000007,-0.84
10000007,-0.55
10000007,-0.91
10000007,-0.88
10000007,-1.00
10000007,-0.58
10000007,-0.91
10000007,-0.37
10000007,-0.53
10000007,-1.00
10000007,-0.26
10000008,-0.11
10000008,-0.04
10000008,-0.11
10000008,-0.06
10000008,-0.11
10000008,-0.11
10000008,-0.03
10000008,-0.22
10000008,-0.47
10000008,-0.32
10000008,-0.06
10000008,-0.05
10000008,-0.11
10000008,-0.07
10000008,-0.13
10000008,-0.29
10000008,-0.09
10000008,-0.08
10000008,-0.18
10000008,-0.23
10000008,-0.03
10000008,-0.04
10000008,-0.33
10000008,-0.41
10000008,-0.53
10000008,-0.43
10000008,-0.40
10000008,-0.46
10000008,-0.60
10000008,-0.56
10000008,-0.24
10000008,-0.16
10000008,-0.05
10000008,-0.10
10000008,-0.16
10000008,-0.09
10000008,-0.19
10000008,-0.26
10000008,-0.21
10000008,-0.13
10000008,-0.18
10000008,-0.16
10000008,-0.06
10000008,-0.08
10000008,-0.03
10000008,-0.01
10000008,-0.02
10000008,-0.01
10000008,-0.34
10000008,-0.54
10000008,-0.37
10000008,-0.40
10000008,-0.17
10000008,-0.20
10000008,-0.78
10000008,-0.67
10000008,-0.79
10000008,-0.88
10000008,-0.90
10000008,-0.69
10000008,-0.68
10000008,-0.53
10000008,-0.72
10000008,-0.51
10000008,-0.58
10000008,-0.44
10000008,-0.03
10000008,-0.02
10000008,-0.01
10000008,-0.02
10000008,-0.02
10000008,-0.03
10000008,-0.01
10000008,-0.01
10000008,-0.03
10000008,-0.35
10000008,-0.32
10000008,-0.29
10000008,-0.21
10000008,-0.40
10000008,-0.46
10000009,-0.18
10000009,-0.42
10000009,-0.18
10000009,-0.22
10000009,-0.36
10000009,-0.40
10000009,-0.31
10000009,-0.15
10000009,-0.08
10000009,-0.12
10000009,-0.17
10000009,-0.15
10000009,-0.28
10000009,-0.20
10000009,-0.16
10000009,-0.20
10000009,-0.15
10000009,-0.25
10000009,-0.17
10000009,-0.23
10000009,-0.11
10000009,-0.10
10000009,-0.16
10000009,-0.09
10000009,-0.14
10000009,-0.16
10000009,-0.08
10000009,-0.14
10000009,-0.05
10000009,-0.04
10000009,-0.06
10000009,-0.04
10000009,-0.06
10000009,-0.09
10000009,-0.29
10000009,-0.21
10000009,-0.29
10000009,-0.26
10000009,-0.28
10000009,-0.23
10000009,-0.15
10000009,-0.25
10000009,-0.29
10000009,-0.29
10000009,-0.22
10000009,-0.21
10000009,-0.21
10000009,-0.48
10000009,-0.54
10000009,-0.55
10000009,-0.65
10000009,-0.72
10000009,-0.58
10000009,-0.53
10000009,-0.39
10000009,-0.26
10000009,-0.37
10000009,-0.45
10000009,-0.48
10000009,-0.20
10000009,-0.68
10000009,-0.58
10000009,-0.67
10000009,-0.43
10000009,-0.79
10000009,-0.82
10000009,-0.29
10000009,-0.26
10000009,-0.26
10000009,-0.18
10000009,-0.32
10000009,-0.45
10000009,-0.71
10000009,-0.85
10000009,-0.54
10000009,-0.65
10000009,-0.93
10000009,-0.96
10000009,-0.10
10000009,-0.19
10000009,-0.32
10000009,-0.09
10000009,-0.39
10000009,-0.41
10000009,-0.51
10000009,-0.56
10000009,-0.56
10000009,-0.49
10000009,-0.43
10000009,-0.42
10000009,-0.54
10000009,-0.53
10000009,-0.50
10000009,-0.54
10000009,-0.51
10000009,-0.52
10000009,-0.64
10000009,-0.59
10000009,-0.77
10000009,-0.76
10000009,-0.86
10000009,-0.93
10000009,-0.50
10000009,-0.52
10000009,-0.56
10000009,-0.59
10000009,-0.56
10000009,-0.51
10000009,-0.50
10000009,-0.50
10000010,-0.29
10000010,-0.24
10000010,-0.22
10000010,-0.21
10000010,-0.19
10000010,-0.20
10000010,-0.21
10000010,-0.25
10000010,-0.22
10000010,-0.26
10000010,-0.24
10000010,-0.16
10000010,-0.17
10000010,-0.21
10000010,-0.22
10000010,-0.32
10000010,-0.26
10000010,-0.37
10000010,-0.44
10000010,-0.46
10000010,-0.31
10000010,-0.52
10000010,-0.57
10000010,-0.68
10000010,-0.73
10000010,-0.73
10000010,-0.78
10000010,-0.23
10000010,-0.25
10000010,-0.26
10000010,-0.21
10000010,-0.25
10000010,-0.16
10000010,-0.13
10000010,-0.11
10000010,-0.13
10000010,-0.10
10000010,-0.10
10000010,-0.09
10000010,-0.13
10000010,-0.20
10000010,-0.24
10000010,-0.25
10000010,-0.27
10000010,-0.27
10000010,-0.27
10000010,-0.27
10000010,-0.30
10000010,-0.78
10000010,-0.78
10000010,-0.72
10000010,-0.59
10000010,-0.61
10000010,-0.54
10000011,-0.04
10000011,-0.10
10000011,-0.02
10000011,-0.06
10000011,-0.07
10000011,-0.12
10000011,-0.38
10000011,-0.71
10000011,-0.70
10000011,-0.55
10000011,-0.84
10000011,-0.87
10000011,-0.09
10000011,-0.02
10000011,-0.11
10000011,-0.08
10000011,-0.02
10000011,-0.03
10000011,-0.02
10000011,-0.01
10000011,-0.03
10000011,-0.01
10000011,-0.00
10000011,-0.08
10000011,-0.00
10000011,-0.01
10000011,-0.02
10000011,-0.55
10000011,-0.46
10000011,-0.29
10000011,-0.19
10000011,-0.13
10000011,-0.16
10000011,-0.06
10000011,-0.12
10000011,-0.07
10000011,-0.43
10000011,-0.15
10000011,-0.25
10000011,-0.08
10000011,-0.44
10000011,-0.15
10000011,-0.15
10000011,-0.30
10000011,-0.44
10000011,-0.56
10000011,-0.25
10000011,-0.05
10000011,-0.75
10000011,-0.06
10000011,-0.05
10000011,-0.03
10000011,-0.07
10000011,-0.23
10000011,-0.14
10000011,-0.27
10000011,-0.04
10000011,-0.03
10000011,-0.02
10000011,-0.00
10000011,-0.01
10000011,-0.05
10000011,-0.07
10000011,-0.07
10000011,-0.03
10000011,-0.01
10000011,-0.00
10000011,-0.00
10000011,-0.02
10000011,-0.00
10000011,-0.00
10000011,-0.03
10000011,-0.02
10000011,-0.01
10000011,-0.02
10000011,-0.01
10000011,-0.03
10000011,-0.22
10000011,-0.19
10000011,-0.13
10000011,-0.17
10000011,-0.06
10000011,-0.10
10000011,-0.31
10000011,-0.55
10000011,-0.50
10000011,-0.46
10000011,-0.66
10000011,-1.00
10000011,-0.03
10000011,-0.03
10000011,-0.02
10000011,-0.01
10000011,-0.01
10000011,-0.01
10000011,-0.03
10000011,-0.05
10000011,-0.11
10000011,-0.14
10000011,-0.03
10000011,-0.12
10000012,-0.12
10000012,-0.16
10000012,-0.13
10000012,-0.13
10000012,-0.16
10000012,-0.04
10000012,-0.22
10000012,-0.14
10000012,-0.16
10000012,-0.06
10000012,-0.07
10000012,-0.09
10000012,-0.30
10000012,-0.07
10000012,-0.04
10000012,-0.02
10000012,-0.03
10000012,-0.03
10000012,-0.05
10000012,-0.02
10000012,-0.06
10000012,-0.02
10000012,-0.01
10000012,-0.01
10000012,-0.02
10000012,-0.02
10000012,-0.01
10000012,-0.02
10000012,-0.11
10000012,-0.09
10000012,-0.10
10000012,-0.08
10000012,-0.13
10000012,-0.20
10000012,-0.19
10000012,-0.01
10000012,-0.04
10000012,-0.01
10000012,-0.03
10000012,-0.13
10000012,-0.02
10000012,-0.06
10000012,-0.12
10000012,-0.01
10000012,-0.02
10000012,-0.01
10000012,-0.01
10000012,-0.04
10000012,-0.01
10000012,-0.04
10000013,-0.37
10000013,-0.28
10000013,-0.65
10000013,-0.21
10000013,-0.70
10000013,-0.23
10000013,-0.76
10000013,-0.85
10000013,-0.71
10000013,-0.73
10000013,-0.94
10000013,-0.58
10000013,-0.36
10000013,-0.69
10000013,-0.54
10000013,-0.41
10000013,-0.77
10000013,-0.36
10000013,-0.75
10000013,-0.84
10000013,-0.64
10000013,-0.44
10000013,-0.61
10000013,-0.45
10000013,-0.78
10000013,-0.76
10000013,-0.79
10000013,-0.61
10000013,-0.71
10000013,-0.77
10000013,-0.77
10000013,-0.64
10000013,-0.57
10000013,-0.68
10000013,-0.56
10000013,-0.53
10000013,-0.45
10000013,-0.86
10000013,-0.91
10000013,-0.67
10000013,-0.50
10000013,-0.45
10000013,-0.71
10000013,-0.69
10000013,-0.39
10000013,-0.54
10000013,-0.49
10000013,-0.47
10000013,-0.50
10000013,-0.51
10000013,-0.58
10000013,-0.46
10000013,-0.92
10000013,-0.95
10000013,-0.95
10000013,-0.98
10000013,-0.98
10000013,-0.98
10000013,-0.71
10000013,-0.80
10000013,-0.82
10000013,-0.79
10000013,-0.69
10000013,-0.82
10000013,-0.75
10000013,-0.78
10000013,-0.81
10000013,-0.87
10000013,-0.76
10000013,-0.73
10000013,-0.63
10000013,-0.65
10000013,-0.74
10000013,-0.77
10000013,-0.91
10000013,-0.52
10000013,-0.55
10000013,-0.78
10000013,-0.77
10000013,-0.35
10000013,-0.20
10000013,-0.36
10000013,-0.46
10000013,-0.43
10000013,-0.18
10000013,-0.06
10000013,-0.30
10000013,-0.45
10000013,-0.13
10000013,-0.37
10000013,-0.39
10000013,-0.39
10000013,-0.24
10000013,-0.46
10000013,-0.09
10000013,-0.29
10000013,-0.31
10000013,-0.30
10000013,-0.26
10000013,-0.33
10000013,-0.33
10000013,-0.46
10000014,-0.25
10000014,-0.05
10000014,-0.07
10000014,-0.08
10000014,-0.06
10000014,-0.21
10000014,-0.08
10000014,-0.09
10000014,-0.15
10000014,-0.08
10000014,-0.06
10000014,-0.11
10000014,-0.05
10000014,-0.14
10000014,-0.05
10000014,-0.11
10000014,-0.05
10000014,-0.11
10000014,-0.17
10000014,-0.11
10000014,-0.30
10000014,-0.15
10000014,-0.12
10000014,-0.10
10000014,-0.15
10000014,-0.06
10000014,-0.35
10000014,-0.23
10000014,-0.14
10000014,-0.45
10000014,-0.53
10000014,-0.47
10000014,-0.52
10000014,-0.37
10000014,-0.65
10000014,-0.06
10000014,-0.04
10000014,-0.05
10000014,-0.05
10000014,-0.05
10000014,-0.04
10000014,-0.06
10000014,-0.04
10000014,-0.03
10000014,-0.07
10000014,-0.21
10000014,-0.17
10000014,-0.22
10000014,-0.17
10000014,-0.09
10000014,-0.26
10000014,-0.12
10000014,-0.21
10000014,-0.28
10000014,-0.22
10000014,-0.34
10000014,-0.15
10000014,-0.08
10000014,-0.09
10000014,-0.08
10000014,-0.36
10000014,-0.56
10000014,-0.68
10000014,-0.71
10000014,-0.76
10000014,-0.61
10000014,-0.08
10000014,-0.09
10000014,-0.09
10000014,-0.11
10000014,-0.15
10000014,-0.09
10000014,-0.11
10000014,-0.09
10000014,-0.14
10000014,-0.15
10000014,-0.12
10000014,-0.19
10000014,-0.24
10000014,-0.22
10000014,-0.28
10000014,-0.30
10000014,-0.25
10000014,-0.14
10000014,-0.27
10000014,-0.25
10000014,-0.24
10000014,-0.18
10000014,-0.21
10000014,-0.27
10000014,-0.37
10000014,-0.50
10000014,-0.53
10000014,-0.40
10000014,-0.46
10000014,-0.50
10000014,-0.51
10000014,-0.62
10000014,-0.63
10000014,-0.53
10000014,-0.66
10000014,-0.71
10000014,-0.77
10000014,-0.64
10000014,-0.83
10000014,-0.95
10000014,-0.98
10000014,-1.00
10000015,-0.16
10000015,-0.11
10000015,-0.11
10000015,-0.12
10000015,-0.11
10000015,-0.10
10000015,-0.17
10000015,-0.15
10000015,-0.24
10000015,-0.18
10000015,-0.14
10000015,-0.13
10000015,-0.25
10000015,-0.14
10000015,-0.15
10000015,-0.21
10000015,-0.25
10000015,-0.42
10000015,-0.50
10000015,-0.40
10000015,-0.88
10000015,-0.31
10000015,-0.40
10000015,-0.44
10000015,-0.41
10000015,-0.23
10000015,-0.17
10000015,-0.16
10000015,-0.15
10000015,-0.18
10000015,-0.19
10000015,-0.12
10000015,-0.13
10000015,-0.13
10000015,-0.12
10000015,-0.13
10000015,-0.10
10000015,-0.09
10000015,-0.16
10000015,-0.16
10000015,-0.16
10000015,-0.14
10000015,-0.15
10000015,-0.16
10000015,-0.17
10000015,-0.14
10000015,-0.19
10000015,-0.30
10000015,-0.36
10000015,-0.40
10000015,-0.53
10000015,-0.32
10000015,-0.33
10000015,-0.47
10000015,-0.12
10000015,-0.11
10000015,-0.27
10000015,-0.10
10000015,-0.14
10000015,-0.16
10000015,-0.24
10000015,-0.42
10000015,-0.66
10000015,-0.13
10000015,-0.12
10000015,-0.18
10000015,-0.12
10000015,-0.13
10000015,-0.13
10000015,-0.13
10000015,-0.59
10000015,-0.69
10000015,-0.93
10000015,-0.61
10000015,-0.75
10000015,-1.00
10000015,-0.17
10000015,-0.12
10000015,-0.17
10000015,-0.13
10000015,-0.07
10000015,-0.08
10000015,-0.07
10000015,-0.38
10000015,-0.60
10000015,-0.77
10000015,-0.90
10000015,-0.33
10000015,-0.41
10000015,-0.66
10000015,-0.77
10000015,-0.50
10000015,-0.68
10000015,-0.62
10000015,-0.80
10000016,0.40
10000016,0.56
10000016,0.53
10000016,0.59
10000016,0.52
10000016,0.38
10000016,0.84
10000016,0.84
10000016,0.86
10000016,0.78
10000016,0.69
10000016,0.60
10000016,0.61
10000016,0.51
10000016,0.69
10000016,0.63
10000016,0.73
10000016,0.45
10000016,0.84
10000016,0.77
10000016,0.82
10000016,0.94
10000016,0.88
10000016,0.89
10000016,0.58
10000016,0.52
10000016,0.49
10000016,0.46
10000016,0.47
10000016,0.42
10000016,0.55
10000016,0.68
10000016,0.42
10000016,0.64
10000016,0.42
10000016,0.51
10000016,1.00
10000016,0.95
10000016,0.77
10000016,0.83
10000016,0.66
10000016,0.56
10000016,0.45
10000016,0.67
10000016,0.49
10000016,0.51
10000016,0.44
10000016,0.74
10000016,0.85
10000016,0.97
10000016,0.69
10000016,1.00
10000016,0.78
10000016,0.56
10000016,0.82
10000016,0.78
10000016,0.73
10000016,0.84
10000016,0.63
10000016,0.58
10000016,0.56
10000016,0.53
10000016,0.65
10000016,0.48
10000016,0.36
10000016,0.51
10000016,0.31
10000016,0.58
10000016,0.80
10000016,0.76
10000016,0.73
10000016,0.65
10000016,0.62
10000016,0.52
10000016,0.57
10000016,0.58
10000016,0.52
10000016,0.45
10000016,0.51
10000016,0.41
10000016,0.36
10000016,0.34
10000016,0.39
10000016,0.36
10000016,0.28
10000016,0.12
10000016,0.10
10000016,0.53
10000016,0.46
10000016,0.39
10000016,0.35
10000016,0.33
10000016,0.30
10000017,0.09
10000017,0.07
10000017,0.17
10000017,0.12
10000017,0.08
10000017,0.21
10000017,0.15
10000017,0.15
10000017,0.13
10000017,0.23
10000017,0.12
10000017,0.29
10000017,0.04
10000017,0.03
10000017,0.03
10000017,0.04
10000017,0.06
10000017,0.04
10000017,0.08
10000017,0.09
10000017,0.05
10000017,0.05
10000017,0.04
10000017,0.02
10000017,0.12
10000017,0.07
10000017,0.07
10000017,0.11
10000017,0.12
10000017,0.10
10000017,0.19
10000017,0.08
10000017,0.07
10000017,0.07
10000017,0.05
10000017,0.10
10000017,0.04
10000017,0.35
10000017,0.44
10000017,0.47
10000017,0.65
10000017,0.36
10000017,0.46
10000017,0.03
10000017,0.03
10000017,0.02
10000017,0.02
10000017,0.03
10000017,0.05
10000017,0.06
10000017,0.02
10000017,0.02
10000017,0.01
10000017,0.04
10000017,0.01
10000017,0.02
10000017,0.01
10000017,0.11
10000017,0.22
10000017,0.25
10000017,0.21
10000017,0.24
10000017,0.24
10000017,0.32
10000017,0.32
10000017,0.29
10000017,0.42
10000017,0.37
10000017,0.54
10000017,0.28
10000017,0.28
10000017,0.30
10000017,0.29
10000017,0.27
10000017,0.37
10000017,0.38
10000017,0.23
10000018,-0.57
10000018,-0.61
10000018,-0.60
10000018,-0.49
10000018,-0.64
10000018,-0.46
10000018,-0.49
10000018,-0.75
10000018,-0.64
10000018,-0.87
10000018,-0.57
10000018,-0.88
10000018,-0.50
10000018,-0.94
10000018,-0.71
10000018,-0.56
10000018,-0.56
10000018,-0.43
10000018,-0.64
10000018,-0.62
10000018,-0.68
10000018,-0.38
10000018,-0.80
10000018,-0.80
10000018,-0.76
10000018,-0.95
10000018,-0.58
10000018,-0.62
10000018,-0.88
10000018,-0.83
10000018,-0.81
10000018,-0.92
10000018,-0.82
10000018,-0.80
10000018,-0.95
10000018,-0.63
10000018,-0.61
10000018,-0.59
10000018,-0.60
10000018,-0.59
10000018,-0.56
10000018,-0.64
10000018,-0.77
10000018,-0.55
10000018,-0.60
10000018,-0.37
10000018,-0.28
10000018,-0.33
10000018,-0.31
10000018,-0.45
10000018,-0.61
10000018,-0.46
10000018,-0.95
10000018,-1.00
10000018,-0.26
10000018,-0.27
10000018,-0.18
10000018,-0.23
10000018,-0.21
10000018,-0.28
10000018,-0.72
10000018,-0.82
10000018,-0.94
10000018,-0.71
10000018,-1.00
10000018,-0.75
10000018,-0.70
10000018,-0.66
10000018,-0.76
10000018,-0.97
10000018,-0.96
10000018,-1.00
10000019,0.03
10000019,0.02
10000019,0.02
10000019,0.03
10000019,0.02
10000019,0.02
10000019,0.04
10000019,0.03
10000019,0.02
10000019,0.02
10000019,0.03
10000019,0.03
10000019,0.03
10000019,0.07
10000019,0.03
10000019,0.06
10000019,0.02
10000019,0.08
10000019,0.05
10000019,0.02
10000019,0.03
10000019,0.04
10000019,0.03
10000019,0.02
10000019,0.02
10000019,0.04
10000019,0.03
10000019,0.02
10000019,0.03
10000019,0.01
10000019,0.01
10000019,0.01
10000019,0.03
10000019,0.05
10000019,0.07
10000019,0.10
10000019,0.06
10000019,0.05
10000019,0.11
10000019,0.02
10000019,0.02
10000019,0.01
10000019,0.02
10000019,0.03
10000019,0.02
10000019,0.01
10000020,0.57
10000020,0.59
10000020,0.60
10000020,0.52
10000020,0.61
10000020,0.58
10000020,0.57
10000020,0.71
10000020,0.73
10000020,0.61
10000020,0.55
10000020,0.58
10000020,0.55
10000020,0.59
10000020,0.82
10000020,0.57
10000020,0.65
10000020,0.44
10000020,0.50
10000020,0.36
10000020,0.29
10000020,0.54
10000020,0.46
10000020,0.55
10000020,0.29
10000020,0.68
10000020,0.80
10000020,0.83
10000020,1.00
10000020,0.94
10000020,0.89
10000020,0.56
10000020,0.53
10000020,0.61
10000020,0.63
10000020,0.65
10000020,0.49
10000020,0.42
10000020,0.24
10000020,0.17
10000020,0.16
10000020,0.27
10000020,0.37
10000020,0.84
10000020,0.74
10000020,0.65
10000020,0.79
10000020,0.85
10000020,0.76
10000020,0.86
10000020,0.73
10000020,0.61
10000020,0.56
10000020,0.66
10000020,0.61
10000020,0.51
10000020,0.65
10000020,0.75
10000020,0.59
10000020,0.75
10000020,0.78
10000020,0.80
10000020,0.79
10000020,0.61
10000020,0.64
10000020,0.58
10000020,0.63
10000020,0.63
10000020,0.49
10000020,0.63
10000020,0.70
10000020,0.71
10000020,0.79
10000020,0.80
10000020,0.64
10000020,0.43
10000020,0.34
10000020,0.29
10000020,0.93
10000020,0.95
10000020,0.91
10000020,0.93
10000020,0.84
10000020,0.87
10000020,0.72
10000020,0.73
10000020,0.82
10000020,0.83
10000020,0.87
10000020,0.95
10000020,0.91
10000020,0.80
10000020,0.76
10000020,0.80
10000020,0.76
10000020,0.66
10000020,0.69
10000020,0.70
10000020,0.57
10000021,-0.39
10000021,-0.27
10000021,-0.54
10000021,-0.28
10000021,-0.38
10000021,-0.15
10000021,-0.62
10000021,-0.64
10000021,-0.26
10000021,-0.19
10000021,-0.20
10000021,-0.66
10000021,-0.22
10000021,-0.16
10000021,-0.02
10000021,-0.19
10000021,-0.01
10000021,-0.01
10000021,-0.25
10000021,-0.30
10000021,-0.29
10000021,-0.29
10000021,-0.46
10000021,-0.51
10000021,-0.25
10000021,-0.41
10000021,-0.69
10000021,-0.77
10000021,-0.87
10000021,-0.37
10000021,-0.26
10000021,-0.37
10000021,-0.37
10000021,-0.40
10000021,-0.53
10000021,-0.48
10000021,-0.53
10000021,-0.70
10000021,-0.66
10000021,-0.77
10000021,-0.64
10000021,-0.74
10000021,-0.78
10000021,-0.90
10000021,-0.72
10000021,-0.91
10000021,-0.78
10000021,-0.85
10000021,-0.85
10000021,-0.85
10000021,-0.91
10000021,-0.98
10000021,-1.00
10000021,-0.28
10000021,-0.25
10000021,-0.29
10000021,-0.13
10000021,-0.20
10000021,-0.08
10000021,-0.26
10000021,-0.18
10000021,-0.10
10000021,-0.58
10000021,-0.77
10000021,-0.65
10000021,-0.76
10000021,-0.54
10000021,-0.48
10000021,-0.73
10000021,-0.84
10000021,-0.76
10000021,-0.73
10000021,-0.86
10000021,-0.73
10000021,-0.92
10000021,-0.57
10000021,-0.44
10000021,-0.76
10000021,-0.44
10000021,-0.61
10000021,-0.38
10000021,-0.78
10000021,-0.73
10000021,-0.71
10000021,-0.58
10000021,-0.78
10000021,-0.68
10000021,-0.79
10000022,-0.26
10000022,-0.22
10000022,-0.12
10000022,-0.08
10000022,-0.10
10000022,-0.07
10000022,-0.08
10000022,-0.09
10000022,-0.10
10000022,-0.07
10000022,-0.08
10000022,-0.05
10000022,-0.04
10000022,-0.06
10000022,-0.13
10000022,-0.17
10000022,-0.25
10000022,-0.26
10000022,-0.31
10000022,-0.22
10000022,-0.07
10000022,-0.08
10000022,-0.06
10000022,-0.05
10000022,-0.08
10000022,-0.09
10000022,-0.08
10000022,-0.03
10000022,-0.03
10000022,-0.03
10000022,-0.03
10000022,-0.02
10000022,-0.02
10000022,-0.02
10000022,-0.04
10000022,-0.04
10000022,-0.02
10000022,-0.04
10000022,-0.06
10000022,-0.08
10000022,-0.04
10000022,-0.03
10000022,-0.03
10000022,-0.02
10000022,-0.02
10000022,-0.02
10000022,-0.01
10000022,-0.01
10000022,-0.03
10000022,-0.01
10000022,-0.00
10000022,-0.01
10000022,-0.01
10000022,-0.01
10000022,-0.00
10000022,-0.01
10000022,-0.02
10000022,-0.01
10000022,-0.02
10000022,-0.01
10000022,-0.01
10000022,-0.01
10000022,-0.12
10000022,-0.13
10000022,-0.12
10000022,-0.13
10000022,-0.16
10000022,-0.19
10000022,-0.13
10000022,-0.12
10000022,-0.11
10000022,-0.10
10000022,-0.14
10000022,-0.07
10000022,-0.01
10000022,-0.01
10000022,-0.01
10000022,-0.01
10000022,-0.01
10000022,-0.01
10000022,-0.24
10000022,-0.28
10000022,-0.32
10000022,-0.20
10000022,-0.35
10000022,-0.31
10000022,-0.34
10000022,-0.22
10000022,-0.28
10000022,-0.37
10000022,-0.36
10000022,-0.19
10000022,-0.14
10000022,-0.21
10000022,-0.11
10000022,-0.10
10000022,-0.23
10000022,-0.23
10000022,-0.13
10000022,-0.25
10000022,-0.04
10000022,-0.06
10000022,-0.06
10000022,-0.03
10000022,-0.06
10000022,-0.07
10000022,-0.06
10000022,-0.04
10000022,-0.03
10000022,-0.03
10000022,-0.03
10000022,-0.02
10000022,-0.02
10000022,-0.02
10000022,-0.01
10000022,-0.01
10000022,-0.01
10000022,-0.17
10000022,-0.14
10000022,-0.15
10000022,-0.15
10000022,-0.10
10000022,-0.17
10000022,-0.19
10000022,-0.07
10000022,-0.21
10000022,-0.26
10000022,-0.19
10000022,-0.30
10000022,-0.12
10000022,-0.21
10000022,-0.33
10000023,-0.16
10000023,-0.14
10000023,-0.15
10000023,-0.19
10000023,-0.25
10000023,-0.20
10000023,-0.18
10000023,-0.16
10000023,-0.13
10000023,-0.19
10000023,-0.19
10000023,-0.15
10000023,-0.18
10000023,-0.16
10000023,-0.24
10000023,-0.14
10000023,-0.12
10000023,-0.10
10000023,-0.12
10000023,-0.24
10000023,-0.24
10000023,-0.45
10000023,-0.31
10000023,-0.19
10000023,-0.30
10000023,-0.13
10000023,-0.21
10000023,-0.17
10000023,-0.13
10000023,-0.11
10000023,-0.12
10000023,-0.08
10000023,-0.08
10000023,-0.10
10000023,-0.10
10000023,-0.18
10000023,-0.15
10000023,-0.18
10000023,-0.14
10000023,-0.21
10000023,-0.28
10000023,-0.23
10000023,-0.23
10000023,-0.22
10000023,-0.21
10000023,-0.21
10000023,-0.26
10000023,-0.18
10000023,-0.17
10000023,-0.16
10000023,-0.15
10000023,-0.17
10000023,-0.19
10000023,-0.06
10000023,-0.05
10000023,-0.06
10000023,-0.06
10000023,-0.08
10000023,-0.02
10000023,-0.03
10000023,-0.13
10000023,-0.10
10000023,-0.08
10000023,-0.06
10000023,-0.09
10000023,-0.09
10000023,-0.07
10000023,-0.10
10000023,-0.07
10000023,-0.12
10000023,-0.13
10000023,-0.12
10000023,-0.03
10000023,-0.03
10000023,-0.03
10000023,-0.03
10000023,-0.03
10000023,-0.04
10000023,-0.02
10000023,-0.17
10000023,-0.20
10000023,-0.14
10000023,-0.14
10000023,-0.12
10000023,-0.21
10000042,0.56
10000042,0.50
10000042,0.36
10000042,0.46
10000042,0.39
10000042,0.55
10000042,0.51
10000042,0.47
10000042,0.44
10000042,0.40
10000042,0.37
10000042,0.41
10000042,0.25
10000042,0.27
10000042,0.12
10000042,0.15
10000042,0.12
10000042,0.24
10000042,0.19
10000042,0.15
10000042,0.52
10000042,0.63
10000042,0.50
10000042,0.56
10000042,0.51
10000042,0.48
10000042,0.46
10000042,0.51
10000042,0.29
10000042,0.21
10000042,0.13
10000042,0.16
10000042,0.09
10000042,0.14
10000042,0.40
10000042,0.39
10000042,0.36
10000042,0.36
10000042,0.39
10000042,0.36
10000042,0.35
10000042,0.39
10000042,0.31
10000042,0.32
10000042,0.31
10000042,0.26
10000042,0.25
10000042,0.21
10000042,0.27
10000042,0.30
10000042,0.23
10000042,0.25
10000042,0.15
10000042,0.15
10000042,0.12
10000025,-0.58
10000025,-0.34
10000025,-0.58
10000025,-0.07
10000025,-0.40
10000025,-0.23
10000025,-0.17
10000025,-0.37
10000025,-0.18
10000025,-0.29
10000025,-0.15
10000025,-0.22
10000025,-0.28
10000025,-0.26
10000025,-0.19
10000025,-0.24
10000025,-0.23
10000025,-0.20
10000025,-0.10
10000025,-0.32
10000025,-0.33
10000025,-0.52
10000025,-0.18
10000025,-0.60
10000025,-0.22
10000025,-0.70
10000025,-0.59
10000025,-0.57
10000025,-0.62
10000025,-0.42
10000025,-0.39
10000025,-0.59
10000025,-0.64
10000025,-0.45
10000025,-0.28
10000025,-0.27
10000025,-0.30
10000025,-0.27
10000025,-0.27
10000025,-0.26
10000025,-0.25
10000025,-0.25
10000025,-0.24
10000025,-0.21
10000025,-0.24
10000025,-0.37
10000025,-0.13
10000025,-0.24
10000025,-0.08
10000025,-0.06
10000025,-0.65
10000025,-0.59
10000025,-0.54
10000025,-0.40
10000025,-0.71
10000025,-0.30
10000025,-0.35
10000025,-0.30
10000025,-0.27
10000025,-0.41
10000025,-0.30
10000025,-0.56
10000025,-0.37
10000025,-0.35
10000025,-0.48
10000025,-0.72
10000025,-0.69
10000025,-0.63
10000025,-0.65
10000025,-0.60
10000025,-0.58
10000025,-0.48
10000025,-0.76
10000025,-0.79
10000025,-0.38
10000025,-0.58
10000025,-0.57
10000025,-0.60
10000025,-0.47
10000025,-0.60
10000025,-0.61
10000025,-0.69
10000025,-0.49
10000025,-0.72
10000043,1.00
10000043,0.89
10000043,0.96
10000043,0.94
10000043,0.81
10000043,0.73
10000043,0.92
10000043,0.67
10000043,0.86
10000043,0.90
10000043,0.80
10000043,0.74
10000043,0.64
10000043,0.60
10000043,0.48
10000043,0.47
10000043,0.63
10000043,0.74
10000043,0.78
10000043,0.66
10000043,0.68
10000043,0.75
10000043,0.66
10000043,0.53
10000043,0.52
10000043,0.51
10000043,0.47
10000043,0.49
10000043,0.45
10000043,0.43
10000043,0.54
10000043,0.55
10000043,0.40
10000043,0.77
10000043,0.72
10000043,0.73
10000043,0.73
10000043,0.75
10000043,0.80
10000043,0.87
10000043,0.87
10000043,0.76
10000043,0.79
10000043,0.74
10000043,0.74
10000043,0.74
10000043,0.71
10000043,0.65
10000043,0.68
10000043,0.30
10000043,0.36
10000043,0.38
10000043,0.30
10000043,0.32
10000043,0.32
10000043,0.70
10000043,0.56
10000043,0.65
10000043,0.58
10000043,0.45
10000043,0.54
10000043,0.69
10000043,0.36
10000043,0.51
10000043,0.60
10000043,0.46
10000043,0.58
10000043,0.48
10000043,0.38
10000043,0.32
10000043,0.82
10000043,0.75
10000043,0.71
10000043,0.55
10000043,0.63
10000043,0.58
10000043,0.57
10000043,0.60
10000043,0.62
10000043,0.60
10000043,0.67
10000043,0.67
10000043,0.52
10000043,0.41
10000043,0.47
10000043,0.27
10000043,0.36
10000043,0.39
10000043,0.50
10000043,0.68
10000043,0.72
10000043,0.75
10000043,0.81
10000043,0.88
10000043,0.91
10000043,0.96
10000027,-0.64
10000027,-0.68
10000027,-0.35
10000027,-0.57
10000027,-0.34
10000027,-0.74
10000027,-0.53
10000027,-0.63
10000027,-0.69
10000027,-0.77
10000027,-0.70
10000027,-0.48
10000027,-0.51
10000027,-0.76
10000027,-0.69
10000027,-0.66
10000027,-0.72
10000027,-0.78
10000027,-0.62
10000027,-0.39
10000027,-0.32
10000027,-0.48
10000027,-0.53
10000027,-0.42
10000027,-0.40
10000027,-0.69
10000027,-0.33
10000027,-0.47
10000027,-0.75
10000027,-0.68
10000027,-0.60
10000027,-0.57
10000027,-0.61
10000027,-0.60
10000027,-0.76
10000027,-0.75
10000027,-0.74
10000027,-0.87
10000027,-0.72
10000027,-0.75
10000027,-0.47
10000027,-0.59
10000027,-0.51
10000027,-0.46
10000027,-0.48
10000027,-0.48
10000027,-0.45
10000027,-0.38
10000027,-0.72
10000027,-0.68
10000027,-0.74
10000027,-0.82
10000027,-0.82
10000027,-0.86
10000027,-0.50
10000027,-0.50
10000027,-0.57
10000027,-0.65
10000027,-0.66
10000027,-0.76
10000027,-0.66
10000027,-0.84
10000027,-0.85
10000027,-0.85
10000027,-0.85
10000027,-0.86
10000027,-0.86
10000027,-0.58
10000027,-0.56
10000027,-0.50
10000027,-0.57
10000027,-0.41
10000027,-0.28
10000027,-0.63
10000027,-0.62
10000027,-0.60
10000027,-0.59
10000027,-0.47
10000027,-0.66
10000027,-0.43
10000027,-0.36
10000027,-0.78
10000027,-0.87
10000027,-0.89
10000027,-0.94
10000027,-0.89
10000027,-0.96
10000027,-0.26
10000027,-0.24
10000027,-0.19
10000027,-0.23
10000027,-0.23
10000027,-0.25
10000027,-0.16
10000027,-0.66
10000027,-0.63
10000027,-0.62
10000027,-0.61
10000027,-0.78
10000027,-0.89
10000028,0.57
10000028,0.50
10000028,0.59
10000028,0.56
10000028,0.40
10000028,0.37
10000028,0.37
10000028,0.33
10000028,0.30
10000028,0.31
10000028,0.25
10000028,0.21
10000028,0.26
10000028,0.28
10000028,0.62
10000028,0.56
10000028,0.80
10000028,0.64
10000028,0.28
10000028,0.29
10000028,0.28
10000028,0.24
10000028,0.30
10000028,0.30
10000028,0.35
10000028,0.50
10000028,0.25
10000028,0.20
10000028,0.05
10000028,0.06
10000028,0.30
10000028,0.30
10000028,0.30
10000028,0.72
10000028,0.42
10000028,0.32
10000028,0.21
10000028,0.03
10000029,-0.20
10000029,-0.29
10000029,-0.23
10000029,-0.31
10000029,-0.41
10000029,-0.21
10000029,-0.35
10000029,-0.27
10000029,-0.17
10000029,-0.05
10000029,-0.39
10000029,-0.07
10000029,-0.07
10000029,-0.05
10000029,-0.08
10000029,-0.09
10000029,-0.09
10000029,-0.49
10000029,-0.53
10000029,-0.58
10000029,-0.49
10000029,-0.60
10000029,-0.53
10000029,-0.36
10000029,-0.35
10000029,-0.40
10000029,-0.45
10000029,-0.39
10000029,-0.34
10000029,-0.33
10000029,-0.21
10000029,-0.20
10000029,-0.25
10000029,-0.30
10000029,-0.29
10000029,-0.23
10000029,-0.41
10000029,-0.45
10000029,-0.40
10000029,-0.64
10000029,-0.37
10000029,-0.42
10000029,-0.48
10000029,-0.59
10000029,-0.37
10000029,-0.52
10000029,-0.39
10000029,-0.35
10000029,-0.42
10000029,-0.73
10000029,-0.78
10000029,-1.00
10000029,-0.06
10000029,-0.05
10000029,-0.07
10000029,-0.03
10000029,-0.02
10000029,-0.03
10000029,-0.03
10000029,-0.02
10000029,-0.31
10000029,-0.37
10000029,-0.21
10000029,-0.17
10000029,-0.05
10000029,-0.07
10000029,-0.03
10000029,-0.03
10000029,-0.02
10000029,-0.24
10000029,-0.08
10000029,-0.21
10000029,-0.12
10000029,-0.16
10000029,-0.13
10000029,-0.09
10000029,-0.09
10000029,-0.12
10000029,-0.43
10000029,-0.52
10000029,-0.43
10000029,-0.58
10000029,-0.73
10000029,-0.96
10000030,1.00
10000030,0.53
10000030,0.73
10000030,0.88
10000030,0.82
10000030,0.89
10000030,0.99
10000030,0.56
10000030,0.48
10000030,0.32
10000030,0.44
10000030,0.34
10000030,0.38
10000030,0.99
10000030,0.88
10000030,0.71
10000030,0.81
10000030,0.57
10000030,0.76
10000030,0.96
10000030,0.88
10000030,0.84
10000030,0.85
10000030,0.82
10000030,0.80
10000030,0.75
10000030,0.73
10000030,0.58
10000030,0.82
10000030,0.62
10000030,0.77
10000030,0.44
10000030,0.44
10000030,0.38
10000030,0.34
10000030,0.34
10000030,0.41
10000030,0.39
10000030,0.95
10000030,1.00
10000030,0.95
10000030,0.81
10000030,1.00
10000030,0.53
10000030,0.65
10000030,0.59
10000030,0.32
10000030,0.59
10000030,0.37
10000030,0.40
10000030,0.44
10000030,0.38
10000030,0.48
10000030,0.61
10000030,0.28
10000030,0.31
10000030,0.42
10000030,0.71
10000030,0.66
10000030,0.88
10000030,0.82
10000030,0.76
10000030,0.73
10000030,0.95
10000030,0.91
10000030,0.94
10000030,0.90
10000030,0.88
10000030,0.97
10000030,0.32
10000030,0.28
10000030,0.36
10000030,0.43
10000030,0.48
10000030,0.42
10000030,0.17
10000031,-0.40
10000031,-0.47
10000031,-0.45
10000031,-0.38
10000031,-0.26
10000031,-0.21
10000031,-0.16
10000031,-0.16
10000031,-0.21
10000031,-0.10
10000031,-0.06
10000031,-0.30
10000031,-0.21
10000031,-0.44
10000031,-0.26
10000031,-0.14
10000031,-0.25
10000031,-0.39
10000031,-0.25
10000031,-0.25
10000031,-0.27
10000031,-0.27
10000031,-0.37
10000031,-0.29
10000031,-0.13
10000031,-0.16
10000031,-0.17
10000031,-0.12
10000031,-0.15
10000031,-0.25
10000031,-0.05
10000031,-0.40
10000031,-0.46
10000031,-0.58
10000031,-0.46
10000031,-0.71
10000031,-0.80
10000031,-0.66
10000031,-0.34
10000031,-0.38
10000031,-0.46
10000031,-0.40
10000031,-0.51
10000031,-0.47
10000031,-0.39
10000031,-0.07
10000031,-0.06
10000031,-0.09
10000031,-0.11
10000031,-0.11
10000031,-0.13
10000032,0.82
10000032,0.65
10000032,0.46
10000032,0.38
10000032,0.85
10000032,0.69
10000032,0.40
10000032,0.87
10000032,0.80
10000032,0.52
10000032,0.78
10000032,0.54
10000032,0.50
10000032,0.44
10000032,0.50
10000032,0.44
10000032,0.55
10000032,0.52
10000032,0.46
10000032,0.43
10000032,0.45
10000032,0.44
10000032,0.45
10000032,0.80
10000032,0.89
10000032,0.84
10000032,0.85
10000032,0.87
10000032,0.82
10000032,0.88
10000032,0.54
10000032,0.63
10000032,0.78
10000032,0.55
10000032,0.38
10000032,0.69
10000032,0.87
10000032,0.74
10000032,0.65
10000032,0.79
10000032,0.72
10000032,0.77
10000032,0.75
10000032,0.58
10000032,0.64
10000032,0.56
10000032,0.51
10000032,0.51
10000032,0.54
10000032,0.54
10000032,0.51
10000032,0.48
10000032,0.47
10000032,0.71
10000032,0.43
10000032,0.50
10000032,0.85
10000032,0.62
10000032,0.50
10000032,0.40
10000032,0.61
10000032,0.45
10000032,0.48
10000032,0.58
10000032,0.45
10000032,0.37
10000032,0.37
10000032,0.67
10000032,0.54
10000032,0.63
10000032,0.45
10000032,0.58
10000032,0.48
10000032,0.57
10000032,0.76
10000032,0.89
10000032,0.94
10000032,0.83
10000032,0.76
10000032,0.91
10000032,0.85
10000032,0.71
10000032,0.74
10000032,1.00
10000032,0.55
10000032,0.90
10000032,0.36
10000032,0.31
10000032,0.23
10000032,0.13
10000032,0.34
10000032,0.33
10000032,0.64
10000032,0.34
10000032,0.37
10000032,0.16
10000032,0.27
10000032,0.18
10000032,0.11
10000032,0.90
10000032,0.78
10000032,0.83
10000032,0.81
10000032,0.82
10000032,0.85
10000033,0.67
10000033,0.57
10000033,0.72
10000033,0.54
10000033,0.44
10000033,0.45
10000033,0.73
10000033,0.82
10000033,0.87
10000033,0.82
10000033,0.84
10000033,0.57
10000033,0.74
10000033,0.72
10000033,0.69
10000033,0.80
10000033,0.77
10000033,0.71
10000033,0.54
10000033,0.37
10000033,0.37
10000033,0.27
10000033,0.38
10000033,0.33
10000033,0.92
10000033,0.95
10000033,0.92
10000033,0.94
10000033,0.55
10000033,0.74
10000033,0.42
10000033,0.51
10000033,0.45
10000033,0.41
10000033,0.48
10000033,0.63
10000033,0.56
10000033,0.57
10000033,0.78
10000033,0.81
10000033,0.83
10000033,0.83
10000033,0.79
10000033,0.71
10000033,0.66
10000033,0.74
10000033,0.67
10000033,0.81
10000033,0.83
10000033,0.60
10000033,0.53
10000033,0.84
10000033,0.78
10000033,0.69
10000033,0.88
10000033,0.52
10000033,0.46
10000033,0.50
10000033,0.45
10000033,0.40
10000033,0.49
10000033,0.61
10000033,0.53
10000033,0.61
10000033,0.73
10000033,0.85
10000033,0.62
10000033,0.67
10000033,0.71
10000033,0.34
10000033,0.30
10000033,0.40
10000033,0.31
10000033,0.32
10000033,0.30
10000033,0.30
10000033,0.28
10000033,0.57
10000033,0.80
10000033,0.89
10000033,0.49
10000033,0.85
10000033,0.87
10000034,-0.44
10000034,-0.30
10000034,-0.42
10000034,-0.46
10000034,-0.36
10000034,-0.20
10000034,-0.51
10000034,-0.70
10000034,-0.70
10000034,-0.79
10000034,-0.79
10000034,-0.63
10000034,-0.69
10000034,-0.54
10000034,-0.49
10000034,-0.39
10000034,-0.74
10000034,-0.46
10000034,-0.31
10000034,-0.29
10000034,-0.25
10000034,-0.37
10000034,-0.12
10000034,-0.14
10000034,-0.34
10000034,-0.03
10000034,-0.56
10000034,-0.45
10000034,-0.34
10000034,-0.50
10000034,-0.66
10000034,-0.67
10000034,-0.56
10000034,-0.57
10000034,-0.66
10000034,-0.68
10000034,-0.85
10000034,-0.62
10000034,-0.64
10000034,-0.35
10000034,-0.55
10000034,-0.50
10000034,-0.64
10000034,-0.91
10000034,-0.91
10000034,-0.94
10000034,-1.00
10000034,-0.85
10000034,-0.62
10000034,-0.69
10000034,-0.71
10000034,-0.75
10000034,-0.89
10000034,-0.78
10000034,-0.31
10000034,-0.15
10000034,-0.17
10000034,-0.44
10000034,-0.33
10000034,-0.07
10000034,-0.63
10000034,-0.57
10000034,-0.80
10000034,-0.63
10000034,-0.97
10000034,-0.97
10000034,-0.99
10000034,-0.86
10000034,-1.00
10000035,-0.10
10000035,-0.09
10000035,-0.10
10000035,-0.17
10000035,-0.14
10000035,-0.06
10000035,-0.22
10000035,-0.43
10000035,-0.45
10000035,-0.58
10000035,-0.57
10000035,-0.69
10000035,-0.81
10000035,-0.82
10000035,-0.83
10000035,-0.85
10000035,-0.88
10000035,-0.94
10000035,-0.69
10000035,-0.85
10000035,-0.81
10000035,-0.69
10000035,-0.82
10000035,-0.85
10000035,-0.77
10000035,-0.75
10000035,-0.68
10000035,-0.42
10000035,-0.35
10000035,-0.48
10000035,-0.28
10000035,-0.36
10000035,-0.77
10000035,-0.73
10000035,-0.82
10000035,-0.77
10000035,-0.75
10000035,-0.84
10000035,-0.78
10000035,-0.73
10000035,-0.64
10000035,-0.67
10000035,-0.61
10000035,-0.56
10000035,-0.56
10000035,-0.58
10000035,-0.51
10000035,-0.56
10000035,-0.50
10000035,-0.59
10000035,-0.53
10000035,-0.64
10000035,-0.50
10000035,-0.73
10000035,-0.77
10000035,-0.52
10000035,-0.60
10000035,-0.48
10000035,-0.54
10000035,-0.49
10000035,-0.51
10000035,-0.53
10000035,-0.73
10000035,-0.82
10000035,-0.95
10000035,-0.98
10000035,-1.00
10000035,-0.79
10000036,0.28
10000036,0.31
10000036,0.26
10000036,0.22
10000036,0.22
10000036,0.18
10000036,0.61
10000036,0.61
10000036,0.65
10000036,0.64
10000036,0.59
10000036,0.48
10000036,0.70
10000036,0.57
10000036,0.59
10000036,0.60
10000036,0.76
10000036,0.66
10000036,0.37
10000036,0.38
10000036,0.39
10000036,0.36
10000036,0.33
10000036,0.34
10000036,0.45
10000036,0.39
10000036,0.34
10000036,0.22
10000036,0.25
10000036,0.54
10000036,0.16
10000036,0.58
10000036,0.72
10000036,0.56
10000036,0.83
10000036,0.81
10000036,0.65
10000036,0.85
10000036,0.58
10000036,0.60
10000036,0.57
10000036,0.70
10000036,0.50
10000036,0.35
10000036,0.56
10000036,0.63
10000036,0.64
10000036,0.68
10000036,0.56
10000036,0.81
10000036,0.53
10000036,0.50
10000037,0.62
10000037,0.73
10000037,0.72
10000037,0.59
10000037,0.60
10000037,0.69
10000037,0.69
10000037,0.52
10000037,0.83
10000037,0.66
10000037,0.70
10000037,0.53
10000037,0.66
10000037,0.37
10000037,0.35
10000037,0.60
10000037,0.84
10000037,0.95
10000037,0.58
10000037,0.51
10000037,0.61
10000037,0.71
10000037,0.97
10000037,0.98
10000037,0.94
10000037,0.95
10000037,0.86
10000037,0.79
10000037,0.73
10000037,0.63
10000037,0.65
10000037,0.52
10000037,0.85
10000037,0.34
10000037,0.58
10000037,0.39
10000037,0.65
10000037,0.56
10000037,0.58
10000037,0.62
10000037,0.79
10000037,0.55
10000037,0.69
10000037,0.71
10000037,0.71
10000037,0.64
10000037,0.68
10000037,0.58
10000037,0.27
10000037,0.74
10000037,0.35
10000037,0.29
10000037,0.23
10000037,0.16
10000038,0.36
10000038,0.45
10000038,0.78
10000038,0.57
10000038,0.37
10000038,0.36
10000038,0.44
10000038,0.42
10000038,0.41
10000038,0.41
10000038,0.48
10000038,0.54
10000038,0.48
10000038,0.47
10000038,0.40
10000038,0.59
10000038,0.41
10000038,0.82
10000038,0.72
10000038,0.57
10000038,0.81
10000038,0.47
10000038,0.73
10000038,0.28
10000038,0.28
10000038,0.26
10000038,0.11
10000038,0.10
10000038,0.25
10000038,0.56
10000038,0.45
10000038,0.49
10000038,0.61
10000038,0.62
10000038,0.66
10000039,-0.07
10000039,-0.11
10000039,-0.18
10000039,-0.11
10000039,-0.33
10000039,-0.13
10000039,-0.51
10000039,-0.28
10000039,-0.36
10000039,-0.17
10000039,-0.27
10000039,-0.31
10000039,-0.28
10000039,-0.28
10000039,-0.25
10000039,-0.53
10000039,-0.62
10000039,-0.81
10000039,-0.55
10000039,-0.48
10000039,-0.37
10000039,-0.34
10000039,-0.73
10000039,-0.84
10000039,-0.72
10000039,-0.62
10000039,-0.64
10000039,-0.21
10000039,-0.16
10000039,-0.15
10000039,-0.13
10000039,-0.31
10000039,-0.25
10000039,-0.42
10000039,-0.14
10000039,-0.32
10000039,-0.35
10000039,-0.57
10000039,-0.68
10000039,-0.19
10000039,-0.86
10000039,-0.39
10000039,-0.02
10000039,-0.04
10000039,-0.04
10000039,-0.06
10000039,-0.06
10000039,-0.01
10000039,-0.01
10000039,-0.10
10000039,-0.11
10000039,-0.16
10000039,-0.11
10000039,-0.25
10000039,-0.06
10000039,-0.21
10000039,-0.04
10000039,-0.03
10000039,-0.04
10000039,-0.08
10000039,-0.04
10000039,-0.05
10000039,-0.03
10000039,-0.06
10000039,-0.12
10000039,-0.29
10000039,-0.49
10000039,-0.58
10000039,-0.78
10000039,-0.30
10000039,-0.35
10000039,-1.00
10000039,-0.11
10000039,-0.25
10000039,-0.48
10000039,-0.25
10000039,-0.56
10000039,-0.63
10000039,-0.91
10000039,-0.22
10000039,-0.22
10000039,-0.49
10000039,-0.39
10000039,-0.36
10000039,-0.61
10000040,-0.20
10000040,-0.25
10000040,-0.17
10000040,-0.20
10000040,-0.30
10000040,-0.14
10000040,-0.33
10000040,-0.16
10000040,-0.07
10000040,-0.15
10000040,-0.25
10000040,-0.27
10000040,-0.36
10000040,-0.53
10000040,-0.36
10000040,-0.35
10000040,-0.36
10000040,-0.53
10000040,-0.33
10000040,-0.48
10000040,-0.57
10000040,-0.61
10000040,-0.57
10000040,-0.47
10000040,-0.68
10000040,-0.39
10000040,-0.60
10000040,-0.70
10000040,-0.76
10000040,-0.75
10000040,-0.64
10000040,-0.78
10000040,-0.81
10000040,-0.77
10000040,-0.73
10000040,-0.71
10000040,-0.72
10000040,-0.77
10000040,-0.74
10000040,-0.64
10000040,-0.52
10000040,-0.56
10000040,-0.59
10000040,-0.53
10000040,-0.48
10000040,-0.87
10000040,-0.73
10000040,-0.72
10000040,-0.67
10000040,-0.63
10000040,-0.72
10000040,-0.56
10000040,-0.77
10000040,-0.67
10000040,-0.82
10000040,-0.65
10000040,-0.89
10000040,-0.85
10000040,-1.00
10000040,-0.80
10000040,-0.75
10000040,-0.88
10000040,-0.92
10000040,-0.99
10000040,-0.62
10000040,-1.00
10000040,-0.05
10000040,-0.07
10000040,-0.33
10000040,-0.52
10000040,-0.45
10000040,-0.96
10000040,-0.35
10000040,-0.22
10000040,-0.55
10000040,-0.71
10000040,-0.64
10000040,-0.83
10000040,-0.37
10000040,-0.30
10000040,-0.12
10000040,-0.43
10000040,-0.41
10000040,-0.43
10000040,-0.47
10000041,-0.03
10000041,-0.02
10000041,-0.05
10000041,-0.02
10000041,-0.08
10000041,-0.07
10000041,-0.04
10000041,-0.06
10000041,-0.04
10000041,-0.35
10000041,-0.13
10000041,-0.09
10000041,-0.16
10000041,-0.16
10000041,-0.15
10000041,-0.10
10000041,-0.14
10000041,-0.12
10000041,-0.16
10000041,-0.17
10000041,-0.20
10000041,-0.23
10000041,-0.27
10000041,-0.31
10000041,-0.13
10000041,-0.09
10000041,-0.07
10000041,-0.05
10000041,-0.06
10000041,-0.16
10000041,-0.05
10000041,-0.07
10000041,-0.05
10000041,-0.20
10000041,-0.28
10000041,-0.27
10000041,-0.14
10000041,-0.33
10000041,-0.37
10000041,-0.38
10000041,-0.20
10000041,-0.17
10000041,-0.16
10000041,-0.26
10000041,-0.25
10000041,-0.34
10000041,-0.36
10000041,-0.27
10000041,-0.33
10000041,-0.25
10000041,-0.39
10000041,-0.23
10000041,-0.05
10000041,-0.03
10000041,-0.01
10000041,-0.01
10000041,-0.00
10000041,-0.00
10000041,-0.01
10000041,-0.18
10000041,-0.02
10000041,-0.17
10000041,-0.22
10000041,-0.09
10000041,-0.12
10000041,-0.25
10000041,-0.31
10000041,-0.09
10000041,-0.13
10000041,-0.03
10000041,-0.05
10000041,-0.02
10000041,-0.02
10000041,-0.24
10000041,-0.01
10000041,-0.01
10000041,-0.01
10000041,-0.02
10000041,-0.02
10000041,-0.01
10000041,-0.00
10000041,-0.01
10000041,-0.01
10000041,-0.01
10000041,-0.01
10000041,-0.01
10000041,-0.01
10000041,-0.03
10000041,-0.03
10000041,-0.04
10000041,-0.05
10000041,-0.03
10000041,-0.03
10000041,-0.00
10000041,-0.01
10000041,-0.01
10000041,-0.01
10000041,-0.01
10000041,-0.02
10000041,-0.01
10000041,-0.45
10000041,-0.42
10000041,-0.41
10000041,-0.35
10000041,-0.38
10000041,-0.39
10000042,0.96
10000042,0.89
10000042,0.92
10000042,0.91
10000042,0.77
10000042,0.91
10000042,0.95
10000042,0.68
10000042,0.73
10000042,0.97
10000042,0.74
10000042,0.71
10000042,0.63
10000042,0.85
10000042,0.94
10000042,0.77
10000042,0.85
10000042,0.73
10000042,0.70
10000042,0.78
10000042,0.83
10000042,0.91
10000042,0.76
10000042,0.91
10000042,0.70
10000042,0.60
10000042,0.86
10000042,0.89
10000042,0.87
10000042,0.91
10000042,0.88
10000042,0.86
10000042,0.84
10000042,0.89
10000042,0.79
10000042,0.96
10000042,1.00
10000042,0.96
10000042,0.89
10000042,0.78
10000042,0.64
10000042,0.57
10000042,0.62
10000042,0.65
10000042,0.73
10000042,0.58
10000042,0.82
10000042,0.56
10000042,0.59
10000042,0.54
10000042,0.39
10000042,0.45
10000042,0.50
10000042,0.51
10000042,0.79
10000042,0.71
10000042,0.67
10000042,0.63
10000042,0.58
10000042,0.74
10000042,0.84
10000042,0.88
10000042,0.79
10000042,0.71
10000042,0.80
10000042,0.59
10000042,0.88
10000042,0.60
10000042,0.53
10000042,0.67
10000042,0.35
10000042,0.74
10000042,0.29
10000042,0.64
10000042,0.75
10000042,0.72
10000042,0.68
10000042,0.73
10000042,0.67
10000042,0.76
10000042,0.78
10000042,0.83
10000042,0.74
10000042,0.72
10000042,0.61
10000042,0.61
10000042,0.42
10000042,0.47
10000042,0.56
10000042,0.45
10000042,0.74
10000042,0.27
10000042,0.42
10000042,0.43
10000042,0.71
10000042,0.60
10000042,0.31
10000042,0.41
10000042,0.60
10000043,0.52
10000043,0.42
10000043,0.31
10000043,0.45
10000043,0.35
10000043,0.30
10000043,0.33
10000043,0.30
10000043,0.39
10000043,0.54
10000043,0.22
10000043,0.17
10000043,0.61
10000043,0.36
10000043,0.91
10000043,0.86
10000043,1.00
10000043,0.81
10000043,0.91
10000043,0.83
10000043,0.84
10000043,0.74
10000043,0.65
10000043,0.81
10000043,0.52
10000043,0.57
10000043,0.43
10000043,0.77
10000043,0.70
10000043,0.57
10000043,0.60
10000043,0.54
10000043,0.71
10000043,0.55
10000043,0.87
10000043,0.79
10000043,0.74
10000043,0.82
10000043,0.87
10000043,0.80
10000043,0.80
10000043,0.81
10000043,0.65
10000043,0.65
10000043,0.76
10000043,0.52
10000043,0.67
10000043,0.86
10000043,0.66
10000043,1.00
10000043,0.84
10000043,0.95
10000043,0.72
10000043,0.62
10000043,0.88
10000043,0.82
10000043,0.61
10000043,0.44
10000043,0.65
10000043,0.69
10000043,0.64
10000043,0.38
10000043,0.52
10000043,0.64
10000043,0.48
10000043,0.66
10000043,0.48
10000043,0.53
10000043,0.35
10000043,0.46
10000043,0.38
10000043,0.45
10000043,0.80
10000043,0.80
10000043,0.86
10000043,0.82
10000043,0.92
10000043,0.90
10000043,0.84
10000043,0.90
10000043,0.53
10000043,0.52
10000043,0.48
10000043,0.43
10000043,0.28
10000043,0.65
10000043,0.15
10000043,0.09
10000043,0.21
10000043,0.06
10000043,0.06
10000043,0.10
10000044,0.30
10000044,0.18
10000044,0.35
10000044,0.27
10000044,0.12
10000044,0.22
10000044,0.25
10000044,0.12
10000044,0.44
10000044,0.52
10000044,0.64
10000044,0.69
10000044,0.62
10000044,0.70
10000044,0.60
10000044,0.62
10000044,0.66
10000044,0.65
10000044,0.58
10000044,0.44
10000044,0.35
10000044,0.66
10000044,0.13
10000044,0.76
10000044,0.79
10000044,0.81
10000044,0.78
10000044,0.79
10000044,0.72
10000044,0.23
10000044,0.26
10000044,0.20
10000044,0.17
10000044,0.16
10000044,0.10
10000044,0.07
10000044,0.18
10000044,0.37
10000044,0.53
10000044,0.62
10000044,0.52
10000044,0.41
10000044,0.21
10000045,-0.12
10000045,-0.12
10000045,-0.06
10000045,-0.05
10000045,-0.07
10000045,-0.05
10000045,-0.07
10000045,-0.08
10000045,-0.11
10000045,-0.07
10000045,-0.09
10000045,-0.21
10000045,-0.30
10000045,-0.21
10000045,-0.11
10000045,-0.11
10000045,-0.22
10000045,-0.08
10000045,-0.21
10000045,-0.12
10000045,-0.10
10000045,-0.43
10000045,-0.30
10000045,-0.74
10000045,-0.95
10000045,-0.64
10000045,-0.65
10000045,-0.30
10000045,-0.31
10000045,-0.20
10000045,-0.82
10000045,-0.23
10000045,-0.49
10000045,-0.50
10000045,-0.38
10000045,-0.44
10000045,-0.14
10000045,-0.08
10000045,-0.22
10000045,-0.32
10000045,-0.21
10000045,-0.33
10000045,-0.22
10000045,-0.41
10000045,-0.62
10000045,-0.68
10000045,-0.31
10000045,-0.85
10000045,-0.94
10000045,-1.00
10000045,-0.39
10000045,-0.38
10000045,-0.27
10000045,-0.38
10000045,-0.32
10000045,-0.44
10000045,-0.50
10000045,-0.64
10000045,-0.91
10000045,-0.58
10000045,-1.00
10000045,-0.47
10000045,-0.70
10000045,-0.65
10000045,-0.70
10000045,-0.73
10000045,-0.85
10000045,-1.00
10000046,-0.29
10000046,-0.27
10000046,-0.35
10000046,-0.29
10000046,-0.28
10000046,-0.33
10000046,-0.26
10000046,-0.23
10000046,-0.24
10000046,-0.27
10000046,-0.27
10000046,-0.30
10000046,-0.29
10000046,-0.36
10000046,-0.34
10000046,-0.37
10000046,-0.44
10000046,-0.50
10000046,-0.41
10000046,-0.37
10000046,-0.30
10000046,-0.40
10000046,-0.49
10000046,-0.59
10000046,-0.39
10000046,-0.64
10000046,-0.55
10000047,-0.20
10000047,-0.17
10000047,-0.14
10000047,-0.10
10000047,-0.08
10000047,-0.08
10000047,-0.32
10000047,-0.26
10000047,-0.27
10000047,-0.21
10000047,-0.32
10000047,-0.40
10000047,-0.18
10000047,-0.30
10000047,-0.07
10000047,-0.08
10000047,-0.06
10000047,-0.05
10000047,-0.06
10000047,-0.15
10000047,-0.07
10000047,-0.09
10000047,-0.09
10000047,-0.09
10000047,-0.11
10000047,-0.07
10000047,-0.26
10000047,-0.20
10000047,-0.17
10000047,-0.15
10000047,-0.15
10000047,-0.19
10000047,-0.43
10000047,-0.33
10000047,-0.39
10000047,-0.32
10000047,-0.23
10000047,-0.31
10000047,-0.19
10000047,-0.14
10000047,-0.18
10000047,-0.16
10000047,-0.15
10000047,-0.08
10000047,-0.08
10000047,-0.08
10000047,-0.07
10000047,-0.10
10000047,-0.12
10000047,-0.06
10000047,-0.05
10000047,-0.17
10000047,-0.14
10000047,-0.17
10000047,-0.11
10000047,-0.17
10000047,-0.13
10000047,-0.14
10000047,-0.14
10000047,-0.10
10000047,-0.11
10000047,-0.08
10000047,-0.09
10000047,-0.07
10000047,-0.07
10000047,-0.10
10000047,-0.03
10000047,-0.05
10000047,-0.05
10000047,-0.07
10000047,-0.07
10000047,-0.07
10000047,-0.06
10000047,-0.06
10000047,-0.04
10000047,-0.08
10000047,-0.02
10000047,-0.06
10000047,-0.12
10000047,-0.11
10000047,-0.14
10000047,-0.10
10000047,-0.14
10000047,-0.10
10000048,0.21
10000048,0.15
10000048,0.09
10000048,0.19
10000048,0.09
10000048,0.17
10000048,0.09
10000048,0.61
10000048,0.36
10000048,0.35
10000048,0.25
10000048,0.49
10000048,0.21
10000048,0.23
10000048,0.18
10000048,0.12
10000048,0.16
10000048,0.09
10000048,0.13
10000048,0.21
10000048,0.38
10000048,0.18
10000048,0.50
10000048,0.54
10000048,0.73
10000048,0.76
10000048,0.73
10000048,0.66
10000048,0.73
10000048,0.61
10000048,0.63
10000048,0.14
10000048,0.07
10000048,0.04
10000048,0.07
10000048,0.05
10000048,0.11
10000048,0.62
10000048,0.40
10000048,0.36
10000048,0.43
10000048,0.39
10000048,0.31
10000048,0.75
10000048,0.73
10000048,0.55
10000048,0.34
10000048,0.37
10000048,0.25
10000048,0.29
10000048,0.37
10000048,0.33
10000048,0.37
10000048,0.34
10000048,0.27
10000048,0.29
10000048,0.45
10000048,0.31
10000048,0.31
10000048,0.32
10000048,0.28
10000048,0.37
10000048,0.40
10000048,0.15
10000048,0.13
10000048,0.17
10000048,0.12
10000048,0.17
10000048,0.14
10000048,0.08
10000048,0.22
10000049,0.90
10000049,0.81
10000049,0.91
10000049,0.90
10000049,0.85
10000049,0.90
10000049,0.85
10000049,0.81
10000049,0.80
10000049,0.69
10000049,0.71
10000049,0.71
10000049,0.73
10000049,0.73
10000049,0.74
10000049,0.72
10000049,0.70
10000049,0.77
10000049,0.72
10000049,0.65
10000049,0.51
10000049,0.67
10000049,0.50
10000049,0.57
10000049,0.73
10000049,0.53
10000049,0.41
10000049,0.55
10000049,0.42
10000049,0.33
10000049,0.66
10000049,0.51
10000049,0.67
10000049,0.53
10000049,0.43
10000049,0.46
10000049,0.51
10000049,0.47
10000049,0.34
10000049,0.30
10000049,0.29
10000049,0.27
10000049,0.24
10000049,0.15
10000049,0.24
10000049,0.60
10000049,0.53
10000049,0.44
10000049,0.58
10000049,0.41
10000049,0.47
10000049,0.50
10000049,0.56
10000049,0.58
10000049,0.56
10000049,0.54
10000049,0.56
10000049,0.50
10000049,0.45
10000049,0.29
10000049,0.32
10000049,0.27
10000049,0.15
10000049,0.30
10000049,0.25
10000049,0.25
10000049,0.22
10000049,0.22
10000049,0.19
10000049,0.24
10000049,0.26
10000049,0.36
10000049,0.15
10000049,0.12
10000049,0.12
10000049,0.11
10000049,0.09
10000049,0.06
10000049,0.23
10000049,0.22
10000049,0.26
10000049,0.28
10000049,0.23
10000049,0.18
10000050,-0.39
10000050,-0.31
10000050,-0.26
10000050,-0.17
10000050,-0.37
10000050,-0.12
10000050,-0.10
10000050,-0.05
10000050,-0.07
10000050,-0.04
10000050,-0.03
10000050,-0.06
10000050,-0.12
10000050,-0.07
10000050,-0.35
10000050,-0.42
10000050,-0.12
10000050,-0.57
10000050,-0.56
10000050,-0.16
10000050,-0.04
10000050,-0.04
10000050,-0.01
10000050,-0.01
10000050,-0.01
10000050,-0.00
10000050,-0.09
10000050,-0.20
10000050,-0.14
10000050,-0.29
10000050,-0.30
10000050,-0.50
10000050,-0.40
10000050,-0.75
10000050,-0.19
10000050,-0.83
10000050,-0.14
10000050,-0.09
10000050,-0.04
10000050,-0.19
10000050,-0.05
10000050,-0.06
10000050,-0.07
10000050,-0.22
10000050,-0.28
10000050,-0.23
10000050,-0.77
10000050,-0.08
10000050,-0.25
10000050,-0.47
10000050,-0.67
10000050,-0.48
10000050,-0.91
10000050,-0.71
10000050,-0.02
10000050,-0.02
10000050,-0.01
10000050,-0.01
10000050,-0.01
10000050,-0.01
10000050,-0.02
10000050,-0.08
10000050,-0.28
10000050,-0.35
10000050,-0.13
10000050,-0.11
10000050,-0.43
10000050,-0.57
10000050,-0.19
10000050,-0.67
10000050,-0.15
10000050,-0.03
10000050,-0.02
10000050,-0.05
10000050,-0.15
10000050,-0.20
10000050,-0.02
10000050,-0.28
10000050,-0.42
10000050,-0.60
10000050,-0.22
10000050,-0.78
10000050,-0.88
10000050,-0.46
10000050,-0.63
10000050,-0.60
10000050,-0.46
10000050,-0.86
10000050,-1.00
10000050,-0.68
10000050,-0.79
10000050,-0.78
10000050,-0.68
10000050,-0.97
10000050,-0.68
10000051,-0.04
10000051,-0.04
10000051,-0.03
10000051,-0.00
10000051,-0.00
10000051,-0.01
10000051,-0.01
10000051,-0.01
10000051,-0.02
10000051,-0.01
10000051,-0.01
10000051,-0.01
10000051,-0.00
10000051,-0.03
10000051,-0.05
10000051,-0.06
10000051,-0.02
10000051,-0.25
10000051,-0.02
10000051,-0.03
10000051,-0.14
10000051,-0.09
10000051,-0.24
10000051,-0.26
10000051,-0.11
10000051,-0.75
10000051,-0.15
10000051,-0.37
10000051,-0.01
10000051,-0.02
10000051,-0.03
10000051,-0.03
10000051,-0.03
10000051,-0.04
10000051,-0.01
10000051,-0.01
10000051,-0.01
10000051,-0.01
10000051,-0.01
10000051,-0.02
10000052,0.48
10000052,0.62
10000052,0.63
10000052,0.72
10000052,0.74
10000052,0.57
10000052,0.69
10000052,0.51
10000052,0.69
10000052,0.55
10000052,0.48
10000052,0.79
10000052,0.46
10000052,0.52
10000052,0.64
10000052,0.60
10000052,0.67
10000052,0.57
10000052,0.62
10000052,0.60
10000052,0.66
10000052,0.70
10000052,0.77
10000052,0.75
10000052,0.87
10000052,0.91
10000052,0.65
10000052,0.42
10000052,0.37
10000052,0.41
10000052,0.49
10000052,0.32
10000052,0.35
10000052,0.49
10000052,0.50
10000052,0.51
10000052,0.55
10000052,0.54
10000052,0.57
10000052,0.45
10000052,0.45
10000052,0.40
10000052,0.38
10000052,0.41
10000052,0.37
10000052,0.51
10000052,0.50
10000052,0.52
10000052,0.53
10000052,0.51
10000052,0.51
10000052,0.52
10000052,0.49
10000052,0.60
10000052,0.65
10000052,0.73
10000052,0.78
10000052,0.82
10000052,0.83
10000052,0.32
10000052,0.32
10000052,0.20
10000052,0.35
10000052,0.42
10000052,0.32
10000052,0.81
10000052,0.86
10000052,0.88
10000052,0.88
10000052,0.85
10000052,0.82
10000052,0.85
10000052,0.81
10000052,0.73
10000052,0.82
10000052,0.67
10000052,0.72
10000052,0.64
10000052,0.84
10000052,0.84
10000052,0.83
10000052,0.81
10000052,0.79
10000052,0.84
10000053,-0.46
10000053,-0.45
10000053,-0.46
10000053,-0.39
10000053,-0.44
10000053,-0.47
10000053,-0.42
10000053,-0.43
10000053,-0.46
10000053,-0.23
10000053,-0.47
10000053,-0.64
10000053,-0.32
10000053,-0.31
10000053,-0.43
10000053,-0.50
10000053,-0.31
10000053,-0.32
10000053,-0.40
10000053,-0.30
10000053,-0.28
10000053,-0.60
10000053,-0.69
10000053,-0.62
10000053,-0.87
10000053,-0.71
10000053,-0.88
10000053,-0.80
10000053,-1.00
10000053,-0.55
10000053,-0.55
10000053,-0.72
10000053,-0.86
10000053,-1.00
10000053,-0.66
10000053,-0.10
10000053,-0.09
10000053,-0.14
10000053,-0.17
10000053,-0.33
10000053,-0.43
10000053,-0.48
10000053,-0.46
10000053,-0.26
10000053,-0.57
10000053,-0.57
10000053,-0.46
10000053,-0.50
10000053,-0.77
10000053,-0.89
10000053,-0.93
10000053,-0.95
10000053,-1.00
10000053,-0.56
10000053,-0.32
10000053,-0.37
10000053,-0.36
10000053,-0.22
10000053,-0.23
10000053,-0.68
10000053,-0.33
10000053,-0.70
10000053,-0.91
10000053,-0.81
10000053,-0.89
10000053,-0.83
10000053,-0.99
10000053,-1.00
10000053,-0.94
10000054,0.31
10000054,0.32
10000054,0.32
10000054,0.26
10000054,0.32
10000054,0.34
10000054,0.24
10000054,0.23
10000054,0.17
10000054,0.24
10000054,0.36
10000054,0.25
10000054,0.36
10000054,0.27
10000054,0.39
10000054,0.38
10000054,0.37
10000054,0.28
10000054,0.50
10000054,0.69
10000054,0.48
10000054,0.71
10000054,0.47
10000054,0.75
10000054,0.11
10000054,0.12
10000054,0.07
10000054,0.11
10000054,0.09
10000054,0.14
10000054,0.04
10000054,0.04
10000054,0.05
10000054,0.04
10000054,0.08
10000054,0.04
10000054,0.11
10000054,0.31
10000054,0.46
10000054,0.40
10000054,0.53
10000054,0.32
10000054,0.32
10000054,0.16
10000054,0.11
10000054,0.11
10000054,0.13
10000054,0.19
10000054,0.06
10000054,0.20
10000054,0.29
10000054,0.34
10000054,0.32
10000054,0.16
10000054,0.10
10000054,0.21
10000054,0.23
10000054,0.24
10000054,0.39
10000054,0.23
10000054,0.62
10000054,0.14
10000054,0.28
10000054,0.38
10000054,0.16
10000054,0.47
10000054,0.30
10000054,0.09
10000054,0.09
10000054,0.04
10000054,0.03
10000054,0.04
10000054,0.16
10000054,0.18
10000054,0.11
10000054,0.10
10000054,0.04
10000054,0.27
10000054,0.18
10000054,0.03
10000055,-0.17
10000055,-0.19
10000055,-0.34
10000055,-0.24
10000055,-0.25
10000055,-0.17
10000055,-0.19
10000055,-0.45
10000055,-0.42
10000055,-0.40
10000055,-0.36
10000055,-0.26
10000055,-0.37
10000055,-0.53
10000055,-0.46
10000055,-0.73
10000055,-0.87
10000055,-0.67
10000055,-0.90
10000055,-0.36
10000055,-0.31
10000055,-0.16
10000055,-0.55
10000055,-0.67
10000055,-0.28
10000055,-0.10
10000055,-0.10
10000055,-0.15
10000055,-0.06
10000055,-0.25
10000055,-0.27
10000055,-0.63
10000055,-0.68
10000055,-0.76
10000055,-0.79
10000055,-0.70
10000055,-0.57
10000055,-0.82
10000055,-0.73
10000055,-0.35
10000055,-0.21
10000055,-0.61
10000055,-0.55
10000055,-0.54
10000055,-0.44
10000055,-0.41
10000055,-0.50
10000055,-0.43
10000055,-0.32
10000055,-0.43
10000055,-0.36
10000055,-0.50
10000055,-0.38
10000055,-0.39
10000055,-0.64
10000055,-0.67
10000055,-0.58
10000055,-0.78
10000055,-0.77
10000055,-0.80
10000055,-0.82
10000055,-0.24
10000055,-0.35
10000055,-0.45
10000055,-0.53
10000055,-0.24
10000055,-0.21
10000055,-0.15
10000055,-0.65
10000055,-0.75
10000055,-0.56
10000055,-0.69
10000055,-0.56
10000055,-0.63
10000055,-0.43
10000055,-0.51
10000055,-1.00
10000055,-0.45
10000055,-0.68
10000055,-0.16
10000055,-0.65
10000055,-0.78
10000055,-0.80
10000055,-0.97
10000055,-0.54
10000055,-0.81
10000055,-1.00
10000055,-0.49
10000055,-0.58
10000055,-0.87
10000055,-0.43
10000055,-0.55
10000055,-1.00
10000055,-0.49
10000056,-0.50
10000056,-0.44
10000056,-0.39
10000056,-0.41
10000056,-0.57
10000056,-0.32
10000056,-0.42
10000056,-0.47
10000056,-0.47
10000056,-0.40
10000056,-0.37
10000056,-0.40
10000056,-0.40
10000056,-0.34
10000056,-0.23
10000056,-0.17
10000056,-0.16
10000056,-0.13
10000056,-0.14
10000056,-0.14
10000056,-0.19
10000056,-0.16
10000056,-0.14
10000056,-0.14
10000056,-0.20
10000056,-0.14
10000056,-0.13
10000056,-0.24
10000056,-0.27
10000056,-0.23
10000056,-0.31
10000056,-0.23
10000056,-0.14
10000056,-0.14
10000056,-0.13
10000056,-0.17
10000056,-0.23
10000056,-0.30
10000056,-0.29
10000056,-0.18
10000056,-0.18
10000056,-0.12
10000056,-0.12
10000056,-0.11
10000056,-0.16
10000056,-0.20
10000056,-0.56
10000056,-0.55
10000056,-0.61
10000056,-0.47
10000056,-0.52
10000056,-0.44
10000056,-0.38
10000056,-0.34
10000056,-0.37
10000056,-0.30
10000056,-0.25
10000056,-0.20
10000056,-0.31
10000056,-0.35
10000056,-0.40
10000056,-0.39
10000056,-0.37
10000056,-0.60
10000056,-0.86
10000056,-0.91
10000056,-0.95
10000056,-0.35
10000056,-0.54
10000056,-0.35
10000056,-0.72
10000056,-0.33
10000056,-0.82
10000056,-0.74
10000056,-0.48
10000056,-0.50
10000056,-0.53
10000056,-0.57
10000056,-0.47
10000056,-0.72
10000056,-0.79
10000056,-0.58
10000056,-0.46
10000056,-0.89
10000056,-0.93
10000056,-0.96
10000056,-0.97
10000056,-1.00
10000056,-0.84
10000057,-0.01
10000057,-0.01
10000057,-0.01
10000057,-0.01
10000057,-0.02
10000057,-0.01
10000057,-0.00
10000057,-0.01
10000057,-0.00
10000057,-0.00
10000057,-0.00
10000057,-0.01
10000057,-0.00
10000057,-0.04
10000057,-0.00
10000057,-0.05
10000057,-0.07
10000057,-0.03
10000057,-0.05
10000057,-0.00
10000057,-0.00
10000057,-0.01
10000057,-0.16
10000057,-0.21
10000057,-0.33
10000057,-0.40
10000057,-0.10
10000057,-0.04
10000057,-0.00
10000057,-0.00
10000057,-0.00
10000057,-0.00
10000057,-0.00
10000057,-0.10
10000057,-0.13
10000057,-0.08
10000057,-0.15
10000057,-0.42
10000057,-0.65
10000057,-0.23
10000057,-0.17
10000057,-0.04
10000057,-0.02
10000057,-0.02
10000057,-0.03
10000057,-0.01
10000057,-0.00
10000057,-0.00
10000057,-0.00
10000057,-0.01
10000057,-0.06
10000057,-0.15
10000057,-0.08
10000057,-0.06
10000057,-0.18
10000057,-0.70
10000057,-0.79
10000057,-0.85
10000057,-0.03
10000058,-0.01
10000058,-0.05
10000058,-0.02
10000058,-0.11
10000058,-0.10
10000058,-0.12
10000058,-0.17
10000058,-0.13
10000058,-0.15
10000058,-0.28
10000058,-0.24
10000058,-0.31
10000058,-0.32
10000058,-0.29
10000058,-0.11
10000058,-0.09
10000058,-0.13
10000058,-0.10
10000058,-0.11
10000058,-0.06
10000058,-0.09
10000058,-0.09
10000058,-0.03
10000058,-0.05
10000058,-0.06
10000058,-0.06
10000058,-0.07
10000058,-0.02
10000058,-0.01
10000058,-0.07
10000058,-0.12
10000058,-0.05
10000058,-0.03
10000058,-0.03
10000058,-0.03
10000058,-0.09
10000058,-0.22
10000058,-0.00
10000058,-0.12
10000058,-0.24
10000058,-0.39
10000058,-0.47
10000058,-0.69
10000058,-0.75
10000058,-0.20
10000058,-0.45
10000058,-0.68
10000058,-0.72
10000058,-0.61
10000058,-0.85
10000058,-0.03
10000058,-0.02
10000058,-0.02
10000058,-0.12
10000058,-0.01
10000058,-0.09
10000058,-0.22
10000058,-0.47
10000058,-0.40
10000058,-0.15
10000058,-0.44
10000058,-0.65
10000058,-0.87
10000058,-0.21
10000058,-0.76
10000058,-0.11
10000058,-0.28
10000058,-0.08
10000058,-0.08
10000058,-0.15
10000058,-0.46
10000058,-0.12
10000058,-0.32
10000058,-0.38
10000058,-0.11
10000058,-0.61
10000058,-0.28
10000058,-0.24
10000058,-0.16
10000058,-0.12
10000058,-0.16
10000058,-0.09
10000058,-0.47
10000058,-0.60
10000058,-0.10
10000058,-0.17
10000058,-0.28
10000058,-0.10
10000058,-0.40
10000058,-0.22
10000058,-0.42
10000058,-0.28
10000058,-0.56
10000058,-0.26
10000058,-0.80
10000058,-1.00
10000058,-0.10
10000058,-0.65
10000058,-0.73
10000058,-0.56
10000058,-0.56
10000058,-0.90
10000058,-0.54
10000058,-0.23
10000058,-0.27
10000058,-0.29
10000058,-0.31
10000058,-0.24
10000058,-0.36
10000058,-0.54
10000058,-0.71
10000058,-0.91
10000058,-0.33
10000058,-1.00
10000058,-0.30
10000059,-0.04
10000059,-0.20
10000059,-0.18
10000059,-0.20
10000059,-0.08
10000059,-0.12
10000059,-0.26
10000059,-0.09
10000059,-0.19
10000059,-0.07
10000059,-0.05
10000059,-0.13
10000059,-0.14
10000059,-0.03
10000059,-0.02
10000059,-0.02
10000059,-0.03
10000059,-0.07
10000059,-0.01
10000059,-0.26
10000059,-0.34
10000059,-0.18
10000059,-0.15
10000059,-0.24
10000059,-0.06
10000059,-0.06
10000059,-0.15
10000059,-0.26
10000059,-0.29
10000059,-1.00
10000059,-0.06
10000059,-0.21
10000059,-0.46
10000059,-0.20
10000059,-0.44
10000059,-0.60
10000059,-0.93
10000059,-1.00
10000059,-0.67
10000060,-0.01
10000060,-0.00
10000060,-0.01
10000060,-0.00
10000060,-0.02
10000060,-0.03
10000060,-0.01
10000060,-0.01
10000060,-0.01
10000060,-0.01
10000060,-0.02
10000060,-0.01
10000060,-0.10
10000060,-0.18
10000060,-0.20
10000060,-0.13
10000060,-0.32
10000060,-0.25
10000060,-0.02
10000060,-0.05
10000060,-0.03
10000060,-0.06
10000060,-0.04
10000060,-0.01
10000060,-0.12
10000060,-0.13
10000060,-0.23
10000060,-0.51
10000060,-0.01
10000060,-0.14
10000060,-0.24
10000060,-0.02
10000060,-0.10
10000060,-0.43
10000060,-0.11
10000060,-0.80
10000060,-0.69
10000060,-0.90
10000060,-0.03
10000060,-0.13
10000060,-0.35
10000060,-0.04
10000060,-0.11
10000060,-0.21
10000060,-0.39
10000060,-0.43
10000060,-0.60
10000060,-0.59
10000060,-0.67
10000060,-0.69
10000060,-0.72
10000060,-0.73
10000060,-0.63
10000060,-0.39
10000060,-0.63
10000060,-0.65
10000060,-0.88
10000060,-0.93
10000060,-1.00
10000060,-0.71
10000060,-0.56
10000060,-0.58
10000060,-0.69
10000060,-0.61
10000060,-0.75
10000060,-0.60
10000060,-0.23
10000060,-0.37
10000060,-0.49
10000060,-0.49
10000060,-0.91
10000060,-0.90
10000060,-0.53
10000060,-0.83
10000060,-0.77
10000060,-0.63
10000060,-0.46
10000060,-0.48
10000060,-0.06
10000060,-0.24
10000060,-0.36
10000060,-0.57
10000060,-0.86
10000060,-0.43
10000060,-0.85
10000060,-0.56
10000060,-0.57
10000060,-0.78
10000060,-0.64
10000060,-0.23
10000060,-0.55
10000060,-0.76
10000060,-0.68
10000060,-0.41
10000060,-0.90
10000060,-0.41
10000060,-0.06
10000061,-0.05
10000061,-0.14
10000061,-0.09
10000061,-0.11
10000061,-0.19
10000061,-0.18
10000061,-0.28
10000061,-0.24
10000061,-0.33
10000061,-0.35
10000061,-0.32
10000061,-0.35
10000061,-0.51
10000061,-0.43
10000061,-0.34
10000061,-0.32
10000061,-0.30
10000061,-0.23
10000061,-0.20
10000061,-0.29
10000061,-0.25
10000061,-0.56
10000061,-0.58
10000061,-0.49
10000061,-0.45
10000061,-0.46
10000061,-0.70
10000061,-0.76
10000061,-0.36
10000061,-0.59
10000061,-0.65
10000061,-0.42
10000061,-0.36
10000061,-0.66
10000061,-0.31
10000061,-0.24
10000061,-0.22
10000061,-0.16
10000061,-0.19
10000061,-0.25
10000061,-0.13
10000061,-0.16
10000061,-0.25
10000061,-0.46
10000061,-0.39
10000061,-0.33
10000061,-0.17
10000061,-0.29
10000061,-0.17
10000061,-0.19
10000061,-0.24
10000061,-0.33
10000061,-0.13
10000061,-0.25
10000061,-0.27
10000061,-0.37
10000061,-0.08
10000061,-0.08
10000061,-0.13
10000061,-0.24
10000061,-0.35
10000061,-0.45
10000061,-0.22
10000061,-0.16
10000061,-0.19
10000061,-0.22
10000061,-0.27
10000061,-0.49
10000061,-0.44
10000061,-0.32
10000061,-0.60
10000061,-0.48
10000061,-0.70
10000061,-0.72
10000061,-0.70
10000061,-0.66
10000061,-0.74
10000061,-0.70
10000061,-0.90
10000061,-0.66
10000061,-1.00
10000062,-0.10
10000062,-0.09
10000062,-0.10
10000062,-0.09
10000062,-0.08
10000062,-0.10
10000062,-0.11
10000062,-0.10
10000062,-0.14
10000062,-0.09
10000062,-0.20
10000062,-0.26
10000062,-0.10
10000062,-0.30
10000062,-0.36
10000062,-0.38
10000062,-0.37
10000062,-0.41
10000062,-0.46
10000062,-0.40
10000062,-0.33
10000062,-0.34
10000062,-0.38
10000062,-0.31
10000062,-0.46
10000062,-0.61
10000062,-0.74
10000062,-0.47
10000062,-0.42
10000062,-0.43
10000062,-0.35
10000062,-0.26
10000062,-0.53
10000062,-0.41
10000062,-0.26
10000062,-0.34
10000062,-0.65
10000062,-0.72
10000062,-0.75
10000062,-0.94
10000062,-0.90
10000062,-0.97
10000062,-1.00
10000063,-0.09
10000063,-0.02
10000063,-0.32
10000063,-0.03
10000063,-0.07
10000063,-0.04
10000063,-0.04
10000063,-0.07
10000063,-0.14
10000063,-0.19
10000063,-0.37
10000063,-0.54
10000063,-0.16
10000063,-0.30
10000063,-0.76
10000063,-0.23
10000063,-0.56
10000063,-0.92
10000063,-0.22
10000063,-0.92
10000063,-0.66
10000063,-0.48
10000063,-0.56
10000063,-0.42
10000063,-0.30
10000063,-0.08
10000063,-0.53
10000063,-0.85
10000063,-0.26
10000063,-0.37
10000063,-0.37
10000063,-0.55
10000063,-0.92
10000063,-0.95
10000063,-0.45
10000063,-0.73
10000063,-0.37
10000063,-0.37
10000063,-0.92
10000063,-1.00
10000064,1.00
10000064,0.95
10000064,0.89
10000064,0.90
10000064,1.00
10000064,0.93
10000064,0.58
10000064,0.88
10000064,0.47
10000064,0.55
10000064,0.40
10000064,0.45
10000064,0.31
10000064,0.35
10000064,0.50
10000064,0.24
10000064,0.55
10000064,0.29
10000064,0.32
10000064,0.43
10000064,0.71
10000064,0.43
10000064,0.66
10000064,0.39
10000064,0.30
10000064,0.45
10000064,0.51
10000064,0.60
10000064,0.59
10000064,0.42
10000064,0.39
10000064,0.37
10000064,0.28
10000064,0.34
10000064,0.59
10000064,0.73
10000064,0.42
10000064,0.67
10000064,0.53
10000064,0.61
10000064,0.37
10000064,0.16
10000064,0.46
10000064,0.40
10000064,0.54
10000064,0.44
10000064,0.53
10000064,0.25
10000064,0.87
10000064,0.82
10000064,0.83
10000064,0.68
10000064,0.79
10000064,0.41
10000064,0.55
10000064,0.31
10000064,0.52
10000064,0.88
10000064,0.82
10000064,0.68
10000064,0.73
10000064,0.75
10000064,0.65
10000065,0.40
10000065,0.35
10000065,0.34
10000065,0.33
10000065,0.40
10000065,0.44
10000065,0.64
10000065,0.93
10000065,0.91
10000065,0.62
10000065,0.58
10000065,0.70
10000065,1.00
10000065,0.83
10000065,0.77
10000065,0.77
10000065,0.85
10000065,0.70
10000065,0.83
10000065,0.67
10000065,0.57
10000065,0.58
10000065,0.60
10000065,0.57
10000065,0.65
10000065,0.71
10000065,0.67
10000065,0.60
10000065,0.52
10000065,0.49
10000065,0.50
10000065,0.35
10000065,0.17
10000065,0.17
10000065,0.12
10000065,0.14
10000065,0.16
10000065,0.11
10000065,0.22
10000065,0.55
10000065,0.45
10000065,0.56
10000065,0.39
10000065,0.20
10000065,0.23
10000065,0.56
10000065,0.50
10000065,0.44
10000065,0.45
10000065,0.41
10000065,0.40
10000065,0.46
10000065,0.41
10000065,0.42
10000065,0.42
10000065,0.37
10000065,0.33
10000065,0.45
10000066,-0.70
10000066,-0.67
10000066,-0.50
10000066,-0.59
10000066,-0.45
10000066,-0.69
10000066,-0.43
10000066,-0.59
10000066,-0.60
10000066,-0.65
10000066,-0.49
10000066,-0.55
10000066,-0.36
10000066,-0.46
10000066,-0.49
10000066,-0.67
10000066,-0.78
10000066,-0.65
10000066,-0.68
10000066,-0.65
10000066,-0.63
10000066,-0.56
10000066,-0.49
10000066,-0.70
10000066,-0.73
10000066,-0.75
10000066,-0.70
10000066,-0.50
10000066,-0.46
10000066,-0.54
10000066,-0.60
10000066,-0.60
10000066,-0.77
10000066,-0.88
10000066,-0.76
10000066,-0.31
10000066,-0.24
10000066,-0.17
10000066,-0.33
10000066,-0.15
10000066,-0.21
10000066,-0.75
10000066,-0.61
10000066,-0.72
10000066,-0.69
10000066,-0.76
10000066,-0.58
10000066,-0.81
10000066,-0.55
10000066,-0.87
10000066,-0.67
10000066,-0.44
10000066,-0.48
10000066,-0.41
10000066,-0.58
10000066,-0.43
10000066,-0.40
10000066,-0.71
10000066,-0.73
10000066,-0.76
10000066,-0.59
10000066,-0.67
10000066,-0.69
10000066,-0.80
10000066,-0.80
10000066,-0.74
10000066,-0.74
10000066,-0.77
10000066,-0.65
10000066,-0.74
10000066,-0.55
10000066,-0.68
10000066,-0.50
10000066,-0.74
10000066,-0.52
10000066,-0.63
10000066,-0.66
10000066,-0.48
10000066,-0.70
10000066,-0.86
10000066,-0.63
10000066,-0.65
10000066,-0.64
10000066,-0.63
10000066,-0.78
10000066,-1.00
10000066,-0.76
10000066,-0.90
10000066,-0.83
10000066,-0.76
10000066,-0.57
10000066,-0.44
10000066,-0.62
10000066,-0.58
10000066,-0.59
10000066,-0.72
10000066,-0.67
10000066,-0.67
10000066,-0.84
10000066,-0.89
10000066,-0.97
10000066,-1.00
10000066,-0.99
10000066,-0.94
10000067,0.60
10000067,0.52
10000067,0.48
10000067,0.44
10000067,0.42
10000067,0.46
10000067,0.85
10000067,0.76
10000067,0.59
10000067,0.82
10000067,0.71
10000067,0.86
10000067,1.00
10000067,0.50
10000067,0.77
10000067,0.43
10000067,0.44
10000067,0.46
10000067,0.42
10000067,0.37
10000067,0.35
10000067,0.37
10000067,0.70
10000067,0.57
10000067,0.49
10000067,0.60
10000067,0.52
10000067,0.54
10000067,0.61
10000067,0.47
10000067,0.46
10000067,0.49
10000067,0.44
10000067,0.44
10000067,0.44
10000067,0.47
10000067,0.43
10000067,0.77
10000067,0.55
10000067,0.46
10000067,0.50
10000067,0.42
10000067,0.35
10000067,0.53
10000067,0.34
10000067,0.28
10000067,0.34
10000067,0.27
10000067,0.30
10000067,0.31
10000067,0.30
10000067,0.59
10000067,0.58
10000067,0.56
10000067,0.52
10000067,0.54
10000067,0.49
10000067,0.56
10000067,0.64
10000067,0.45
10000067,0.45
10000067,0.73
10000067,0.58
10000067,0.31
10000067,0.39
10000067,0.31
10000067,0.32
10000067,0.35
10000067,0.36
10000067,0.31
10000067,0.28
10000067,0.29
10000067,0.18
10000067,0.21
10000067,0.16
10000067,0.48
10000067,0.34
10000067,0.51
10000067,0.31
10000067,0.35
10000067,0.31
10000067,0.24
10000067,0.33
10000067,0.27
10000067,0.30
10000067,0.30
10000067,0.32
10000067,0.36
10000067,0.39
10000067,0.17
10000067,0.17
10000067,0.23
10000067,0.28
10000067,0.25
10000067,0.26
10000067,0.28
10000067,0.59
10000067,0.53
10000067,0.54
10000067,0.49
10000067,0.54
10000067,0.57
10000067,0.48
10000068,0.29
10000068,0.26
10000068,0.42
10000068,0.21
10000068,0.24
10000068,0.27
10000068,0.91
10000068,0.92
10000068,0.88
10000068,0.87
10000068,1.00
10000068,0.82
10000068,0.61
10000068,0.52
10000068,0.62
10000068,0.54
10000068,0.64
10000068,0.76
10000068,0.86
10000068,0.88
10000068,0.94
10000068,0.89
10000068,0.79
10000068,0.76
10000068,0.55
10000068,0.42
10000068,0.30
10000068,0.82
10000068,0.78
10000068,0.72
10000068,0.78
10000068,0.76
10000068,0.57
10000068,0.40
10000068,0.40
10000068,0.47
10000068,0.64
10000068,0.77
10000068,0.52
10000068,0.84
10000002,0.98
10000016,0.89
10000016,0.75
10000020,0.97
10000030,0.99
10000030,0.95
10000032,0.87
10000042,0.98
10000043,0.91
10000064,0.90
10000052,0.88
10000068,0.89
10000002,0.91
10000016,0.87
10000002,0.97
10000020,0.91
10000042,0.96
10000030,0.91
10000032,0.90
10000042,0.96
10000043,0.91
10000064,0.83
10000065,0.82
10000068,0.90
10000002,0.92
10000033,0.80
10000016,0.95
10000020,0.96
10000030,0.99
10000030,0.93
10000032,0.92
10000042,0.93
10000043,0.91
10000064,0.84
10000065,0.80
10000068,0.87
10000033,0.84
10000033,0.92
10000016,0.88
10000020,0.94
10000030,0.95
10000030,0.96
10000032,0.91
10000042,0.95
10000043,0.92
10000064,0.86
10000065,0.91
10000068,0.85
